4.572102000000000000e+06
4.561506000000000000e+06
4.503079500000000000e+06
4.498495500000000000e+06
4.474199500000000000e+06
4.456473500000000000e+06
4.406378000000000000e+06
4.419993000000000000e+06
4.411343000000000000e+06
4.390877000000000000e+06
4.352693000000000000e+06
4.325380500000000000e+06
4.310059000000000000e+06
4.304915500000000000e+06
4.304357000000000000e+06
4.274056500000000000e+06
4.232859500000000000e+06
4.223550500000000000e+06
4.222148000000000000e+06
4.202268500000000000e+06
4.216808500000000000e+06
4.171332750000000000e+06
4.180919000000000000e+06
4.145816250000000000e+06
4.156342250000000000e+06
4.155905250000000000e+06
4.114665750000000000e+06
4.133565250000000000e+06
4.122227250000000000e+06
4.087685000000000000e+06
4.101897750000000000e+06
4.113023000000000000e+06
4.088042000000000000e+06
4.070962000000000000e+06
4.058675250000000000e+06
4.056845750000000000e+06
4.058638250000000000e+06
4.039031750000000000e+06
4.053520250000000000e+06
4.041966250000000000e+06
4.026287750000000000e+06
4.030375500000000000e+06
4.042507500000000000e+06
4.033691500000000000e+06
4.006876250000000000e+06
4.009795500000000000e+06
4.024981000000000000e+06
4.026702250000000000e+06
4.025973500000000000e+06
3.986542750000000000e+06
4.027486750000000000e+06
3.993230500000000000e+06
4.028655750000000000e+06
3.998878750000000000e+06
3.993685500000000000e+06
3.984131000000000000e+06
4.003499250000000000e+06
3.994638500000000000e+06
3.996208250000000000e+06
3.980895250000000000e+06
3.982289250000000000e+06
3.998836500000000000e+06
3.975642500000000000e+06
3.978619500000000000e+06
3.985848000000000000e+06
4.009361250000000000e+06
3.975528750000000000e+06
3.965433250000000000e+06
3.969297750000000000e+06
3.978220250000000000e+06
3.965712000000000000e+06
3.977966750000000000e+06
3.987811500000000000e+06
3.972096500000000000e+06
3.960351500000000000e+06
3.967145250000000000e+06
3.946484250000000000e+06
3.951658250000000000e+06
3.966144750000000000e+06
3.946942500000000000e+06
3.963749250000000000e+06
3.955583500000000000e+06
3.932930750000000000e+06
3.922908500000000000e+06
3.939196250000000000e+06
3.932460500000000000e+06
3.920177500000000000e+06
3.928459750000000000e+06
3.912957750000000000e+06
3.909151750000000000e+06
3.941327000000000000e+06
3.924599750000000000e+06
3.926542000000000000e+06
3.902459500000000000e+06
3.903159500000000000e+06
3.905038750000000000e+06
3.902071500000000000e+06
3.899229500000000000e+06
3.888045750000000000e+06
3.888729250000000000e+06
3.872665000000000000e+06
3.863718750000000000e+06
3.865524500000000000e+06
3.868022750000000000e+06
3.857068500000000000e+06
3.850458500000000000e+06
3.857784000000000000e+06
3.831464000000000000e+06
3.822699750000000000e+06
3.836258750000000000e+06
3.834637250000000000e+06
3.814918750000000000e+06
3.832873250000000000e+06
3.819381500000000000e+06
3.797971000000000000e+06
3.805059000000000000e+06
3.779586500000000000e+06
3.780123000000000000e+06
3.770591000000000000e+06
3.769748500000000000e+06
3.774076750000000000e+06
3.770817750000000000e+06
3.751308750000000000e+06
3.729201000000000000e+06
3.728555750000000000e+06
3.737348500000000000e+06
3.711816250000000000e+06
3.704792000000000000e+06
3.694055000000000000e+06
3.710210250000000000e+06
3.702983000000000000e+06
3.689173250000000000e+06
3.674833250000000000e+06
3.660260750000000000e+06
3.658822000000000000e+06
3.648412250000000000e+06
3.648400500000000000e+06
3.627734250000000000e+06
3.624762250000000000e+06
3.619854250000000000e+06
3.593534250000000000e+06
3.592875500000000000e+06
3.608008500000000000e+06
3.584258750000000000e+06
3.573638500000000000e+06
3.557524000000000000e+06
3.554846500000000000e+06
3.561806250000000000e+06
3.525633000000000000e+06
3.500510750000000000e+06
3.502014250000000000e+06
3.487599750000000000e+06
3.483465750000000000e+06
3.479809000000000000e+06
3.484607250000000000e+06
3.478378250000000000e+06
3.437037750000000000e+06
3.440690750000000000e+06
3.415173750000000000e+06
3.419244750000000000e+06
3.411530500000000000e+06
3.413298250000000000e+06
3.391922500000000000e+06
3.377358750000000000e+06
3.369573000000000000e+06
3.343846500000000000e+06
3.333826000000000000e+06
3.310483750000000000e+06
3.318260250000000000e+06
3.269777000000000000e+06
3.293684000000000000e+06
3.273718000000000000e+06
3.264154250000000000e+06
3.260163250000000000e+06
3.249794000000000000e+06
3.229855250000000000e+06
3.210388250000000000e+06
3.185131750000000000e+06
3.216252000000000000e+06
3.170629000000000000e+06
3.184065250000000000e+06
3.180180750000000000e+06
3.155259750000000000e+06
3.136188500000000000e+06
3.107279750000000000e+06
3.110241750000000000e+06
3.097950250000000000e+06
3.074534000000000000e+06
3.058061750000000000e+06
3.055715750000000000e+06
3.042239750000000000e+06
3.036493250000000000e+06
3.030425250000000000e+06
3.025574000000000000e+06
2.993746500000000000e+06
3.005505500000000000e+06
2.971419000000000000e+06
2.994811000000000000e+06
2.963966750000000000e+06
2.956938000000000000e+06
2.930988500000000000e+06
2.935874250000000000e+06
2.915739000000000000e+06
2.908302250000000000e+06
2.894120250000000000e+06
2.903515500000000000e+06
2.876587000000000000e+06
2.875340250000000000e+06
2.849702750000000000e+06
2.860843000000000000e+06
2.833168250000000000e+06
2.839790750000000000e+06
2.825281250000000000e+06
2.808933750000000000e+06
2.795369750000000000e+06
2.807436750000000000e+06
2.807551500000000000e+06
2.780950250000000000e+06
2.767410750000000000e+06
2.763650000000000000e+06
2.769500750000000000e+06
2.758994500000000000e+06
2.759550500000000000e+06
2.717838250000000000e+06
2.722565500000000000e+06
2.693072000000000000e+06
2.716436000000000000e+06
2.724613500000000000e+06
2.663093250000000000e+06
2.685569500000000000e+06
2.680722000000000000e+06
2.675212750000000000e+06
2.647879000000000000e+06
2.657538750000000000e+06
2.656503250000000000e+06
2.629598750000000000e+06
2.637834500000000000e+06
2.635894000000000000e+06
2.629776000000000000e+06
2.612826000000000000e+06
2.610736000000000000e+06
2.584657750000000000e+06
2.595429750000000000e+06
2.595948250000000000e+06
2.576620250000000000e+06
2.571909000000000000e+06
2.563397000000000000e+06
2.562786750000000000e+06
2.543858000000000000e+06
2.565493750000000000e+06
2.539082250000000000e+06
2.536294250000000000e+06
2.511641250000000000e+06
2.525217750000000000e+06
2.504501500000000000e+06
2.511158000000000000e+06
2.500824750000000000e+06
2.498978500000000000e+06
2.480750000000000000e+06
2.484586500000000000e+06
2.492512250000000000e+06
2.472013750000000000e+06
2.469699500000000000e+06
2.466483250000000000e+06
2.441209750000000000e+06
2.460142000000000000e+06
2.449408500000000000e+06
2.440800500000000000e+06
2.421432750000000000e+06
2.424517500000000000e+06
2.396556000000000000e+06
2.417510250000000000e+06
2.417391500000000000e+06
2.401129000000000000e+06
2.389248250000000000e+06
2.406893750000000000e+06
2.384445250000000000e+06
2.395111250000000000e+06
2.381168000000000000e+06
2.367524000000000000e+06
2.367890000000000000e+06
2.373946750000000000e+06
2.358521000000000000e+06
2.343691750000000000e+06
2.338600000000000000e+06
2.320925500000000000e+06
2.324758000000000000e+06
2.335369250000000000e+06
2.325103000000000000e+06
2.327746250000000000e+06
2.310395750000000000e+06
2.332712250000000000e+06
2.298255000000000000e+06
2.321454000000000000e+06
2.300680500000000000e+06
2.305805250000000000e+06
2.283407000000000000e+06
2.274107000000000000e+06
2.265015500000000000e+06
2.275435500000000000e+06
2.253248000000000000e+06
2.243077000000000000e+06
2.263464500000000000e+06
2.255379250000000000e+06
2.244089750000000000e+06
2.248842250000000000e+06
2.239858750000000000e+06
2.235778250000000000e+06
2.226840250000000000e+06
2.241570250000000000e+06
2.227869250000000000e+06
2.214446000000000000e+06
2.207810750000000000e+06
2.205543000000000000e+06
2.204262500000000000e+06
2.208168500000000000e+06
2.194412750000000000e+06
2.191731500000000000e+06
2.183175000000000000e+06
2.179344750000000000e+06
2.162523500000000000e+06
2.178520750000000000e+06
2.184368750000000000e+06
2.168795750000000000e+06
2.157462250000000000e+06
2.152975250000000000e+06
2.164504250000000000e+06
2.159838000000000000e+06
2.151522250000000000e+06
2.145747500000000000e+06
2.133079250000000000e+06
2.137474500000000000e+06
2.149461250000000000e+06
2.118212250000000000e+06
2.127471750000000000e+06
2.116375250000000000e+06
2.104108750000000000e+06
2.102454500000000000e+06
2.103682750000000000e+06
2.083837250000000000e+06
2.080702125000000000e+06
2.086618875000000000e+06
2.089547375000000000e+06
2.074482625000000000e+06
2.071783375000000000e+06
2.068959000000000000e+06
2.086331875000000000e+06
2.077780875000000000e+06
2.070666625000000000e+06
2.074049250000000000e+06
2.052777125000000000e+06
2.053512750000000000e+06
2.052894375000000000e+06
2.043127375000000000e+06
2.030343375000000000e+06
2.048327375000000000e+06
2.030285500000000000e+06
2.036524750000000000e+06
2.014934375000000000e+06
2.005303250000000000e+06
2.017911875000000000e+06
2.007015625000000000e+06
2.020500750000000000e+06
2.008801875000000000e+06
2.000776250000000000e+06
2.012197625000000000e+06
1.980778500000000000e+06
1.989861375000000000e+06
1.980421625000000000e+06
1.992341625000000000e+06
1.974904500000000000e+06
1.977557250000000000e+06
1.974408625000000000e+06
1.956113625000000000e+06
1.952209250000000000e+06
1.958919000000000000e+06
1.967767750000000000e+06
1.962667125000000000e+06
1.958401750000000000e+06
1.951159250000000000e+06
1.941307750000000000e+06
1.950792250000000000e+06
1.954859000000000000e+06
1.928302125000000000e+06
1.939776000000000000e+06
1.933217125000000000e+06
1.904676250000000000e+06
1.922562125000000000e+06
1.912290375000000000e+06
1.906239625000000000e+06
1.913572125000000000e+06
1.907900500000000000e+06
1.905220125000000000e+06
1.912031250000000000e+06
1.898137875000000000e+06
1.886981250000000000e+06
1.899613875000000000e+06
1.900681000000000000e+06
1.889822500000000000e+06
1.889026125000000000e+06
1.883884500000000000e+06
1.875408875000000000e+06
1.853465375000000000e+06
1.869675625000000000e+06
1.876408250000000000e+06
1.852644000000000000e+06
1.854551875000000000e+06
1.870855250000000000e+06
1.851903875000000000e+06
1.837066500000000000e+06
1.845052625000000000e+06
1.834889000000000000e+06
1.852395625000000000e+06
1.833203750000000000e+06
1.833525750000000000e+06
1.844472125000000000e+06
1.823065875000000000e+06
1.818618500000000000e+06
1.813759875000000000e+06
1.827732500000000000e+06
1.806836125000000000e+06
1.807176875000000000e+06
1.806994250000000000e+06
1.802063125000000000e+06
1.799551250000000000e+06
1.796314875000000000e+06
1.783507500000000000e+06
1.783334500000000000e+06
1.792326250000000000e+06
1.802122250000000000e+06
1.771259625000000000e+06
1.778541125000000000e+06
1.778502375000000000e+06
1.758329125000000000e+06
1.761157125000000000e+06
1.754816000000000000e+06
1.766906750000000000e+06
1.760166750000000000e+06
1.753823500000000000e+06
1.757816750000000000e+06
1.746210875000000000e+06
1.746091000000000000e+06
1.746906500000000000e+06
1.748954250000000000e+06
1.732869000000000000e+06
1.736315875000000000e+06
1.731900750000000000e+06
1.700794750000000000e+06
1.721871000000000000e+06
1.716376500000000000e+06
1.718834250000000000e+06
1.712486500000000000e+06
1.703473875000000000e+06
1.714385875000000000e+06
1.712470250000000000e+06
1.694579750000000000e+06
1.712667125000000000e+06
1.693498625000000000e+06
1.713223250000000000e+06
1.680173875000000000e+06
1.688319250000000000e+06
1.696442875000000000e+06
1.699199375000000000e+06
1.683952125000000000e+06
1.688809125000000000e+06
1.678648375000000000e+06
1.674141250000000000e+06
1.661963125000000000e+06
1.675119500000000000e+06
1.676289375000000000e+06
1.658688875000000000e+06
1.672310375000000000e+06
1.659492375000000000e+06
1.662794125000000000e+06
1.661281500000000000e+06
1.644496000000000000e+06
1.655339750000000000e+06
1.637604375000000000e+06
1.614570250000000000e+06
1.622300625000000000e+06
1.629168125000000000e+06
1.637526750000000000e+06
1.633460375000000000e+06
1.632505625000000000e+06
1.603036625000000000e+06
1.603555125000000000e+06
1.613437125000000000e+06
1.602273625000000000e+06
1.602126125000000000e+06
1.608810625000000000e+06
1.606800250000000000e+06
1.607539375000000000e+06
1.606292125000000000e+06
1.583221375000000000e+06
1.587202375000000000e+06
1.591118875000000000e+06
1.597966125000000000e+06
1.583613875000000000e+06
1.586763875000000000e+06
1.575844750000000000e+06
1.575953375000000000e+06
1.581439500000000000e+06
1.563909250000000000e+06
1.558231250000000000e+06
1.554001000000000000e+06
1.570885375000000000e+06
1.568227500000000000e+06
1.555649750000000000e+06
1.556488375000000000e+06
1.556060125000000000e+06
1.563482875000000000e+06
1.552029125000000000e+06
1.555159250000000000e+06
1.539425125000000000e+06
1.556020125000000000e+06
1.527116625000000000e+06
1.537959875000000000e+06
1.531868375000000000e+06
1.525653500000000000e+06
1.539567625000000000e+06
1.540538875000000000e+06
1.523092750000000000e+06
1.505881375000000000e+06
1.535215875000000000e+06
1.514875625000000000e+06
1.506515875000000000e+06
1.521814875000000000e+06
1.511800875000000000e+06
1.506725625000000000e+06
1.501391125000000000e+06
1.496378000000000000e+06
1.501383250000000000e+06
1.499840625000000000e+06
1.477187000000000000e+06
1.479945625000000000e+06
1.485407625000000000e+06
1.485865625000000000e+06
1.474977250000000000e+06
1.476020000000000000e+06
1.481715875000000000e+06
1.481010500000000000e+06
1.466894625000000000e+06
1.462333750000000000e+06
1.463847625000000000e+06
1.473665000000000000e+06
1.476682875000000000e+06
1.456921875000000000e+06
1.457275625000000000e+06
1.461051250000000000e+06
1.453949000000000000e+06
1.449575750000000000e+06
1.452256375000000000e+06
1.452806000000000000e+06
1.449824000000000000e+06
1.452923375000000000e+06
1.445424875000000000e+06
1.425124250000000000e+06
1.440569250000000000e+06
1.433189875000000000e+06
1.448187250000000000e+06
1.426639750000000000e+06
1.421944375000000000e+06
1.434219625000000000e+06
1.411046375000000000e+06
1.412927750000000000e+06
1.412409625000000000e+06
1.407093000000000000e+06
1.419123250000000000e+06
1.414540875000000000e+06
1.412471250000000000e+06
1.407106750000000000e+06
1.406006750000000000e+06
1.394138375000000000e+06
1.407877000000000000e+06
1.395398750000000000e+06
1.388122375000000000e+06
1.382775875000000000e+06
1.387128375000000000e+06
1.385664500000000000e+06
1.390559500000000000e+06
1.377111750000000000e+06
1.393382875000000000e+06
1.382872875000000000e+06
1.393255250000000000e+06
1.364170000000000000e+06
1.358674250000000000e+06
1.374769000000000000e+06
1.364094875000000000e+06
1.357237875000000000e+06
1.376725375000000000e+06
1.355004750000000000e+06
1.335687125000000000e+06
1.358933125000000000e+06
1.358321250000000000e+06
1.347282375000000000e+06
1.349525500000000000e+06
1.357251500000000000e+06
1.354146750000000000e+06
1.348235500000000000e+06
1.330352875000000000e+06
1.348710375000000000e+06
1.326863875000000000e+06
1.338440500000000000e+06
1.333388750000000000e+06
1.330607625000000000e+06
1.322789875000000000e+06
1.328962125000000000e+06
1.335603875000000000e+06
1.320929375000000000e+06
1.322654500000000000e+06
1.314091375000000000e+06
1.326509625000000000e+06
1.305041000000000000e+06
1.302842250000000000e+06
1.311684625000000000e+06
1.304774125000000000e+06
1.301665750000000000e+06
1.292393000000000000e+06
1.306140875000000000e+06
1.303150625000000000e+06
1.291429625000000000e+06
1.294158875000000000e+06
1.295775625000000000e+06
1.302602750000000000e+06
1.295352000000000000e+06
1.284753250000000000e+06
1.288176750000000000e+06
1.273651250000000000e+06
1.279942625000000000e+06
1.282880250000000000e+06
1.293087875000000000e+06
1.273670500000000000e+06
1.256023750000000000e+06
1.268639125000000000e+06
1.267036625000000000e+06
1.259847250000000000e+06
1.265089000000000000e+06
1.262987875000000000e+06
1.262847000000000000e+06
1.263230250000000000e+06
1.244800125000000000e+06
1.253707125000000000e+06
1.246552250000000000e+06
1.251112375000000000e+06
1.240747000000000000e+06
1.239695625000000000e+06
1.249583750000000000e+06
1.244171750000000000e+06
1.242201000000000000e+06
1.245823625000000000e+06
1.238184625000000000e+06
1.235924750000000000e+06
1.232899375000000000e+06
1.224372500000000000e+06
1.216237750000000000e+06
1.233113125000000000e+06
1.223811125000000000e+06
1.222296750000000000e+06
1.219425625000000000e+06
1.211774625000000000e+06
1.211913000000000000e+06
1.214260375000000000e+06
1.219421000000000000e+06
1.217842500000000000e+06
1.220396000000000000e+06
1.205047625000000000e+06
1.207369250000000000e+06
1.198116250000000000e+06
1.213450375000000000e+06
1.208086250000000000e+06
1.191718750000000000e+06
1.196040375000000000e+06
1.195617000000000000e+06
1.182012375000000000e+06
1.192739250000000000e+06
1.197369500000000000e+06
1.196012750000000000e+06
1.185680625000000000e+06
1.193926250000000000e+06
1.182607000000000000e+06
1.191088000000000000e+06
1.176900625000000000e+06
1.186426500000000000e+06
1.178312750000000000e+06
1.174098625000000000e+06
1.179592250000000000e+06
1.168257500000000000e+06
1.182529375000000000e+06
1.151731250000000000e+06
1.170665125000000000e+06
1.166941875000000000e+06
1.174335625000000000e+06
1.163901500000000000e+06
1.164100875000000000e+06
1.157630375000000000e+06
1.155028000000000000e+06
1.146760375000000000e+06
1.153881125000000000e+06
1.140767250000000000e+06
1.153194125000000000e+06
1.147556750000000000e+06
1.140913375000000000e+06
1.150527375000000000e+06
1.139743125000000000e+06
1.142391375000000000e+06
1.130437750000000000e+06
1.129065750000000000e+06
1.140412625000000000e+06
1.136931500000000000e+06
1.127176125000000000e+06
1.132047625000000000e+06
1.137860625000000000e+06
1.121671375000000000e+06
1.125377375000000000e+06
1.121800625000000000e+06
1.119328500000000000e+06
1.113895000000000000e+06
1.119911000000000000e+06
1.122843250000000000e+06
1.108195000000000000e+06
1.108426250000000000e+06
1.095720750000000000e+06
1.108534000000000000e+06
1.108084000000000000e+06
1.104912000000000000e+06
1.100673500000000000e+06
1.102932750000000000e+06
1.093096250000000000e+06
1.096175125000000000e+06
1.099468375000000000e+06
1.099229125000000000e+06
1.092958000000000000e+06
1.082746375000000000e+06
1.085778875000000000e+06
1.076164750000000000e+06
1.077718375000000000e+06
1.084195000000000000e+06
1.087013250000000000e+06
1.072497750000000000e+06
1.089608375000000000e+06
1.083295875000000000e+06
1.080112625000000000e+06
1.075021500000000000e+06
1.069362125000000000e+06
1.068573625000000000e+06
1.081902875000000000e+06
1.071895000000000000e+06
1.057863000000000000e+06
1.076971125000000000e+06
1.070764750000000000e+06
1.069511750000000000e+06
1.065174000000000000e+06
1.065750375000000000e+06
1.045971812500000000e+06
1.044760437500000000e+06
1.042702187500000000e+06
1.054273625000000000e+06
1.055147250000000000e+06
1.057018000000000000e+06
1.035696125000000000e+06
1.053541875000000000e+06
1.051186250000000000e+06
1.037754375000000000e+06
1.039216187500000000e+06
1.043888937500000000e+06
1.039530375000000000e+06
1.036632437500000000e+06
1.034913875000000000e+06
1.043636875000000000e+06
1.037595062500000000e+06
1.027772000000000000e+06
1.025835437500000000e+06
1.031898312500000000e+06
1.020799125000000000e+06
1.030060125000000000e+06
1.027856562500000000e+06
1.031257625000000000e+06
1.021611812500000000e+06
1.015681375000000000e+06
1.015380687500000000e+06
1.008844250000000000e+06
1.019919812500000000e+06
1.014167250000000000e+06
1.008673750000000000e+06
1.007622437500000000e+06
1.010888375000000000e+06
1.007944937500000000e+06
1.007622875000000000e+06
9.980801250000000000e+05
9.940976250000000000e+05
9.973894375000000000e+05
9.997886875000000000e+05
9.926849375000000000e+05
9.884099375000000000e+05
1.003274750000000000e+06
9.908114375000000000e+05
9.943520625000000000e+05
9.967513125000000000e+05
9.956099375000000000e+05
9.954560000000000000e+05
9.889193125000000000e+05
9.835005000000000000e+05
9.782851250000000000e+05
9.870641875000000000e+05
9.795973125000000000e+05
9.919219375000000000e+05
9.698066875000000000e+05
9.750339375000000000e+05
9.723310000000000000e+05
9.693610000000000000e+05
9.721083125000000000e+05
9.686808750000000000e+05
9.567218125000000000e+05
9.695913750000000000e+05
9.678596250000000000e+05
9.627027500000000000e+05
9.670911875000000000e+05
9.726146250000000000e+05
9.557285625000000000e+05
9.602242500000000000e+05
9.534203125000000000e+05
9.586163750000000000e+05
9.468204375000000000e+05
9.483212500000000000e+05
9.601863125000000000e+05
9.590013125000000000e+05
9.497168750000000000e+05
9.538906250000000000e+05
9.435303750000000000e+05
9.463210000000000000e+05
9.430551250000000000e+05
9.488231875000000000e+05
9.404645000000000000e+05
9.492897500000000000e+05
9.397698750000000000e+05
9.396229375000000000e+05
9.303566250000000000e+05
9.342958125000000000e+05
9.234158125000000000e+05
9.391738125000000000e+05
9.241473750000000000e+05
9.284344375000000000e+05
9.270986875000000000e+05
9.291105625000000000e+05
9.260601875000000000e+05
9.258653125000000000e+05
9.254125000000000000e+05
9.150916875000000000e+05
9.125372500000000000e+05
9.141234375000000000e+05
9.200332500000000000e+05
9.134366250000000000e+05
9.261808750000000000e+05
9.144846250000000000e+05
9.068738750000000000e+05
9.188643125000000000e+05
9.106080000000000000e+05
9.104619375000000000e+05
9.051810000000000000e+05
9.096496250000000000e+05
9.047199375000000000e+05
9.077141250000000000e+05
9.063355000000000000e+05
8.990733750000000000e+05
8.951631875000000000e+05
8.987648125000000000e+05
8.994448125000000000e+05
8.932453750000000000e+05
8.797846875000000000e+05
8.892188750000000000e+05
8.946816875000000000e+05
8.897970000000000000e+05
8.863481250000000000e+05
8.863811875000000000e+05
8.820239375000000000e+05
8.760638125000000000e+05
8.835429375000000000e+05
8.793828750000000000e+05
8.849933750000000000e+05
8.775626250000000000e+05
8.856088750000000000e+05
8.688593750000000000e+05
8.596752500000000000e+05
8.766513125000000000e+05
8.713828125000000000e+05
8.725130625000000000e+05
8.649380000000000000e+05
8.672751250000000000e+05
8.707015625000000000e+05
8.628041875000000000e+05
8.637669375000000000e+05
8.613918125000000000e+05
8.649131875000000000e+05
8.653350625000000000e+05
8.608480000000000000e+05
8.654145000000000000e+05
8.548371875000000000e+05
8.519893125000000000e+05
8.528694375000000000e+05
8.585034375000000000e+05
8.605541875000000000e+05
8.459016250000000000e+05
8.456503125000000000e+05
8.579200000000000000e+05
8.532199375000000000e+05
8.387616875000000000e+05
8.399865625000000000e+05
8.409415625000000000e+05
8.328298125000000000e+05
8.440938750000000000e+05
8.383470625000000000e+05
8.331674375000000000e+05
8.438841250000000000e+05
8.401266875000000000e+05
8.451800000000000000e+05
8.290500000000000000e+05
8.357644375000000000e+05
8.349080000000000000e+05
8.282606875000000000e+05
8.288678750000000000e+05
8.295103750000000000e+05
8.313372500000000000e+05
8.253421875000000000e+05
8.260923750000000000e+05
8.247377500000000000e+05
8.161125625000000000e+05
8.229882500000000000e+05
8.193882500000000000e+05
8.212963750000000000e+05
8.195492500000000000e+05
8.185159375000000000e+05
8.124887500000000000e+05
8.224576875000000000e+05
8.072073750000000000e+05
8.157580625000000000e+05
8.196980000000000000e+05
8.140938125000000000e+05
8.052413125000000000e+05
8.008153750000000000e+05
8.143488125000000000e+05
8.079855625000000000e+05
8.052283125000000000e+05
7.958236875000000000e+05
8.085200000000000000e+05
7.982050000000000000e+05
7.990007500000000000e+05
7.897048125000000000e+05
7.872753125000000000e+05
7.926717500000000000e+05
7.944648125000000000e+05
7.992374375000000000e+05
7.861600625000000000e+05
7.917050000000000000e+05
7.909602500000000000e+05
7.914258750000000000e+05
7.934418750000000000e+05
7.888586250000000000e+05
7.840704375000000000e+05
7.819430625000000000e+05
7.881738750000000000e+05
7.836320625000000000e+05
7.832259375000000000e+05
7.789916875000000000e+05
7.853576875000000000e+05
7.782439375000000000e+05
7.713526250000000000e+05
7.772489375000000000e+05
7.715004375000000000e+05
7.676870000000000000e+05
7.645161250000000000e+05
7.684901250000000000e+05
7.757355625000000000e+05
7.605093125000000000e+05
7.660950000000000000e+05
7.666075000000000000e+05
7.659555000000000000e+05
7.682933125000000000e+05
7.639573750000000000e+05
7.663437500000000000e+05
7.595196875000000000e+05
7.620971250000000000e+05
7.487773125000000000e+05
7.671557500000000000e+05
7.518520000000000000e+05
7.560345625000000000e+05
7.495504375000000000e+05
7.574245625000000000e+05
7.540516875000000000e+05
7.515185000000000000e+05
7.510135000000000000e+05
7.535710000000000000e+05
7.552265625000000000e+05
7.530025625000000000e+05
7.472781875000000000e+05
7.464526875000000000e+05
7.481563750000000000e+05
7.422250000000000000e+05
7.399886250000000000e+05
7.445834375000000000e+05
7.376083125000000000e+05
