1.225140000000000000e+05
2.105693750000000000e+05
1.701583281250000000e+05
5.201216406250000000e+04
1.047563906250000000e+05
1.331453750000000000e+05
9.641161718750000000e+04
3.161041992187500000e+04
6.270247656250000000e+04
8.788888281250000000e+04
7.064885937500000000e+04
2.934003515625000000e+04
3.946336328125000000e+04
6.149584765625000000e+04
5.253868359375000000e+04
2.258635156250000000e+04
2.690164257812500000e+04
4.392052734375000000e+04
3.786181250000000000e+04
1.760823046875000000e+04
2.301939843750000000e+04
3.330689843750000000e+04
2.496926953125000000e+04
1.092641796875000000e+04
2.241739062500000000e+04
2.358251367187500000e+04
1.159136132812500000e+04
1.620501171875000000e+04
2.062805078125000000e+04
1.073541894531250000e+04
1.329980957031250000e+04
1.710623046875000000e+04
8.422370117187500000e+03
1.301361328125000000e+04
1.374287890625000000e+04
6.703028808593750000e+03
1.234484277343750000e+04
7.792078125000000000e+03
9.862174804687500000e+03
1.046167871093750000e+04
5.952269042968750000e+03
9.229114257812500000e+03
4.949287109375000000e+03
8.428244140625000000e+03
4.828498535156250000e+03
7.802062988281250000e+03
4.914824707031250000e+03
7.561610839843750000e+03
4.531051269531250000e+03
7.205137207031250000e+03
4.748353515625000000e+03
6.560708007812500000e+03
5.015462890625000000e+03
5.084916503906250000e+03
5.616230957031250000e+03
4.499053222656250000e+03
5.911950195312500000e+03
4.711662109375000000e+03
6.095894042968750000e+03
4.563323242187500000e+03
5.231758789062500000e+03
5.316535644531250000e+03
4.268267578125000000e+03
5.314851074218750000e+03
4.554020019531250000e+03
3.892356445312500000e+03
5.120830078125000000e+03
4.106414550781250000e+03
4.340446777343750000e+03
4.946100097656250000e+03
3.990020019531250000e+03
4.530832519531250000e+03
4.973795898437500000e+03
4.250514648437500000e+03
4.597130859375000000e+03
4.589267578125000000e+03
4.209442871093750000e+03
5.016560546875000000e+03
4.754580078125000000e+03
4.331176757812500000e+03
4.555247558593750000e+03
4.199362792968750000e+03
3.747421875000000000e+03
4.658845703125000000e+03
4.209600585937500000e+03
3.831043945312500000e+03
3.982150146484375000e+03
3.690686279296875000e+03
3.611279052734375000e+03
3.801079101562500000e+03
3.803884765625000000e+03
3.643133056640625000e+03
3.907491210937500000e+03
3.619489746093750000e+03
3.731698974609375000e+03
3.273840087890625000e+03
3.869645996093750000e+03
3.655650146484375000e+03
3.387985107421875000e+03
3.756589111328125000e+03
3.440818359375000000e+03
3.557357666015625000e+03
3.530759277343750000e+03
3.697843017578125000e+03
4.392000976562500000e+03
4.566925292968750000e+03
4.020630371093750000e+03
3.956390625000000000e+03
4.489496093750000000e+03
4.658679687500000000e+03
4.265247558593750000e+03
3.975652832031250000e+03
4.419820312500000000e+03
4.360295898437500000e+03
4.034539306640625000e+03
4.403777343750000000e+03
3.651307373046875000e+03
3.981471679687500000e+03
3.890496826171875000e+03
4.020666992187500000e+03
3.812293945312500000e+03
3.604889404296875000e+03
3.685690185546875000e+03
3.843614013671875000e+03
4.049282226562500000e+03
4.134259765625000000e+03
4.319665527343750000e+03
4.256127929687500000e+03
4.000804687500000000e+03
4.192661132812500000e+03
4.370968261718750000e+03
4.096020996093750000e+03
4.695042968750000000e+03
4.049579589843750000e+03
4.049139892578125000e+03
4.255250488281250000e+03
4.104823730468750000e+03
4.065663085937500000e+03
4.577089355468750000e+03
4.377890625000000000e+03
3.929170898437500000e+03
4.230355957031250000e+03
4.064818847656250000e+03
4.638921386718750000e+03
4.375473632812500000e+03
4.079715087890625000e+03
4.558917968750000000e+03
4.414487792968750000e+03
4.983629882812500000e+03
4.809878417968750000e+03
4.573199707031250000e+03
4.106787109375000000e+03
4.909049804687500000e+03
4.661385253906250000e+03
4.237809082031250000e+03
4.332017089843750000e+03
3.885042968750000000e+03
4.044881103515625000e+03
4.106450195312500000e+03
5.029431640625000000e+03
5.141511718750000000e+03
4.661155761718750000e+03
4.306509765625000000e+03
4.707251953125000000e+03
5.176444824218750000e+03
4.104563964843750000e+03
4.456042968750000000e+03
3.699725585937500000e+03
4.257422363281250000e+03
4.521143066406250000e+03
5.480704101562500000e+03
5.054193359375000000e+03
4.739203125000000000e+03
5.115557128906250000e+03
4.883941406250000000e+03
4.505945312500000000e+03
4.697016113281250000e+03
4.309872070312500000e+03
4.121662109375000000e+03
4.237982421875000000e+03
4.496171386718750000e+03
4.366556640625000000e+03
4.528669921875000000e+03
4.123420898437500000e+03
4.789079101562500000e+03
4.410658203125000000e+03
4.157934570312500000e+03
5.012651367187500000e+03
4.345892578125000000e+03
4.214456054687500000e+03
4.296543945312500000e+03
4.368254882812500000e+03
4.165022949218750000e+03
4.313536621093750000e+03
3.813578613281250000e+03
4.055417236328125000e+03
3.576504150390625000e+03
4.749890625000000000e+03
4.833520996093750000e+03
5.404726074218750000e+03
5.621177734375000000e+03
4.476270019531250000e+03
4.263961914062500000e+03
4.866794433593750000e+03
5.005576171875000000e+03
4.824051269531250000e+03
4.241616699218750000e+03
4.585795410156250000e+03
4.502921386718750000e+03
4.678729492187500000e+03
4.587091796875000000e+03
4.894466308593750000e+03
4.457734375000000000e+03
4.880937988281250000e+03
4.593027343750000000e+03
3.754783935546875000e+03
4.379278320312500000e+03
4.780281738281250000e+03
5.149120117187500000e+03
4.655658691406250000e+03
4.240297851562500000e+03
4.488486816406250000e+03
4.074868164062500000e+03
4.198041015625000000e+03
4.377948730468750000e+03
5.077133789062500000e+03
5.511208007812500000e+03
5.152972167968750000e+03
4.973720214843750000e+03
4.539536132812500000e+03
4.421128417968750000e+03
4.270801269531250000e+03
4.682863281250000000e+03
4.280946289062500000e+03
4.392890625000000000e+03
5.290877441406250000e+03
5.860265625000000000e+03
5.813128906250000000e+03
5.306395507812500000e+03
5.144262695312500000e+03
4.979751953125000000e+03
5.105753906250000000e+03
5.075677734375000000e+03
5.048986816406250000e+03
4.532663574218750000e+03
4.492428710937500000e+03
4.181812988281250000e+03
4.208888671875000000e+03
5.269571777343750000e+03
6.187425781250000000e+03
6.640091308593750000e+03
5.095063964843750000e+03
4.368564453125000000e+03
5.069039062500000000e+03
5.429659179687500000e+03
5.123038085937500000e+03
4.857612304687500000e+03
4.865635742187500000e+03
4.600550781250000000e+03
4.110827148437500000e+03
4.445422363281250000e+03
4.700705566406250000e+03
5.096619140625000000e+03
5.114827148437500000e+03
4.977829101562500000e+03
5.422363281250000000e+03
5.362614257812500000e+03
4.812871093750000000e+03
5.397207519531250000e+03
5.671261230468750000e+03
5.812999023437500000e+03
5.430181152343750000e+03
5.175164062500000000e+03
5.377979980468750000e+03
5.411805664062500000e+03
5.378609375000000000e+03
5.104422363281250000e+03
5.983261718750000000e+03
6.369815917968750000e+03
5.524745117187500000e+03
5.798890136718750000e+03
5.321427734375000000e+03
5.449666503906250000e+03
6.106332519531250000e+03
5.164785644531250000e+03
5.096792480468750000e+03
4.895741699218750000e+03
4.457135253906250000e+03
4.667793457031250000e+03
4.211973144531250000e+03
4.811007324218750000e+03
5.162461425781250000e+03
4.735192382812500000e+03
5.050277832031250000e+03
5.312143066406250000e+03
5.002753417968750000e+03
5.179241699218750000e+03
5.237632324218750000e+03
5.527131347656250000e+03
4.742753417968750000e+03
5.111970703125000000e+03
6.032798339843750000e+03
5.673349121093750000e+03
5.271411621093750000e+03
5.512670898437500000e+03
4.957111816406250000e+03
4.864341796875000000e+03
4.910329589843750000e+03
4.740167968750000000e+03
4.730827636718750000e+03
4.739839355468750000e+03
4.783464843750000000e+03
6.055784667968750000e+03
6.311545898437500000e+03
5.496503417968750000e+03
5.270312500000000000e+03
4.980480468750000000e+03
4.823330566406250000e+03
5.693265136718750000e+03
7.059748535156250000e+03
5.776925781250000000e+03
4.514108398437500000e+03
4.454424804687500000e+03
4.518240722656250000e+03
4.558601562500000000e+03
4.480916015625000000e+03
5.841187011718750000e+03
7.466516601562500000e+03
5.678291503906250000e+03
4.699196777343750000e+03
5.765921875000000000e+03
6.891918457031250000e+03
5.459552734375000000e+03
5.543700683593750000e+03
4.812566406250000000e+03
4.733273437500000000e+03
4.976174804687500000e+03
5.144750976562500000e+03
4.616843261718750000e+03
4.510431152343750000e+03
5.764339355468750000e+03
5.516832519531250000e+03
5.240427246093750000e+03
5.343261718750000000e+03
4.983152832031250000e+03
4.511668457031250000e+03
5.178881347656250000e+03
4.280645996093750000e+03
3.845018798828125000e+03
4.309877929687500000e+03
3.918768798828125000e+03
3.610139160156250000e+03
3.593724121093750000e+03
3.562186035156250000e+03
3.427204345703125000e+03
6.561248535156250000e+03
8.120452636718750000e+03
5.124499511718750000e+03
6.553507324218750000e+03
6.980792480468750000e+03
5.764149902343750000e+03
5.231044921875000000e+03
6.857550292968750000e+03
6.829154296875000000e+03
5.382485839843750000e+03
5.419373046875000000e+03
5.417442382812500000e+03
4.840449218750000000e+03
4.704037597656250000e+03
4.864601562500000000e+03
4.674794433593750000e+03
4.066915771484375000e+03
4.784867675781250000e+03
4.255488281250000000e+03
4.155095214843750000e+03
4.147868164062500000e+03
3.620875976562500000e+03
4.015732421875000000e+03
5.629308105468750000e+03
7.267450683593750000e+03
6.102173339843750000e+03
4.506140136718750000e+03
5.161552246093750000e+03
6.411362304687500000e+03
5.850621582031250000e+03
4.950748046875000000e+03
4.963098632812500000e+03
4.857002441406250000e+03
4.899462890625000000e+03
4.371541992187500000e+03
4.654049316406250000e+03
4.903795898437500000e+03
4.856761718750000000e+03
4.971568847656250000e+03
5.949666503906250000e+03
6.838673339843750000e+03
5.291754394531250000e+03
4.253079589843750000e+03
4.462203125000000000e+03
5.532358886718750000e+03
5.779862792968750000e+03
5.297166992187500000e+03
4.887749511718750000e+03
4.227890136718750000e+03
4.621607910156250000e+03
5.787832519531250000e+03
5.366244140625000000e+03
4.318775390625000000e+03
4.374061523437500000e+03
4.350782226562500000e+03
6.481125488281250000e+03
6.145835449218750000e+03
4.291529296875000000e+03
4.461791992187500000e+03
5.421736328125000000e+03
5.989542480468750000e+03
5.798643554687500000e+03
4.985306152343750000e+03
4.608354492187500000e+03
4.902929687500000000e+03
4.803950683593750000e+03
4.953462402343750000e+03
4.838882324218750000e+03
4.547110839843750000e+03
4.691719238281250000e+03
4.752631835937500000e+03
5.732315429687500000e+03
6.173047851562500000e+03
5.242567382812500000e+03
4.632088378906250000e+03
4.368237792968750000e+03
4.733248535156250000e+03
5.234582031250000000e+03
5.293318847656250000e+03
5.868532714843750000e+03
5.441657714843750000e+03
4.058625244140625000e+03
4.269262695312500000e+03
4.935417480468750000e+03
5.755187988281250000e+03
6.302142578125000000e+03
4.958307617187500000e+03
4.582155761718750000e+03
4.709208496093750000e+03
4.328589355468750000e+03
4.108547851562500000e+03
3.898782470703125000e+03
3.501801513671875000e+03
3.748050048828125000e+03
3.101712158203125000e+03
3.958178955078125000e+03
4.822643554687500000e+03
6.154940917968750000e+03
7.269069335937500000e+03
5.180602050781250000e+03
5.152065917968750000e+03
7.585339843750000000e+03
7.084570800781250000e+03
5.802585449218750000e+03
6.426719726562500000e+03
6.769548339843750000e+03
5.891925781250000000e+03
5.224500488281250000e+03
5.641581542968750000e+03
5.366352050781250000e+03
4.725475097656250000e+03
4.664336425781250000e+03
4.530249511718750000e+03
4.244880371093750000e+03
4.157039062500000000e+03
3.940414306640625000e+03
3.523253906250000000e+03
3.608364257812500000e+03
3.864246582031250000e+03
5.047914062500000000e+03
7.765523925781250000e+03
5.453487304687500000e+03
4.438376953125000000e+03
7.864234863281250000e+03
7.429179199218750000e+03
6.787820312500000000e+03
8.254318359375000000e+03
5.682281250000000000e+03
7.017729492187500000e+03
6.982300781250000000e+03
5.926477539062500000e+03
5.682763671875000000e+03
5.617159667968750000e+03
5.305908203125000000e+03
4.610484863281250000e+03
4.611335449218750000e+03
4.458410156250000000e+03
3.898119628906250000e+03
4.126036621093750000e+03
3.986044677734375000e+03
4.985989257812500000e+03
5.912211914062500000e+03
4.849811035156250000e+03
4.179332031250000000e+03
3.975078613281250000e+03
3.714616699218750000e+03
4.983639648437500000e+03
5.579882324218750000e+03
4.709116699218750000e+03
4.616505859375000000e+03
4.284488769531250000e+03
4.198149414062500000e+03
4.579848632812500000e+03
4.540326660156250000e+03
4.714985351562500000e+03
5.126027343750000000e+03
5.177899414062500000e+03
5.334485839843750000e+03
4.703342285156250000e+03
4.559903808593750000e+03
4.551332519531250000e+03
4.784177734375000000e+03
4.674024902343750000e+03
5.122059570312500000e+03
4.944855468750000000e+03
4.532886230468750000e+03
5.050773437500000000e+03
4.893122558593750000e+03
4.615908203125000000e+03
4.935058593750000000e+03
4.802291992187500000e+03
4.931005859375000000e+03
5.325021972656250000e+03
4.734691406250000000e+03
4.704140625000000000e+03
4.344191894531250000e+03
4.452013671875000000e+03
6.718574707031250000e+03
5.605478027343750000e+03
4.193982421875000000e+03
5.353703125000000000e+03
5.239874023437500000e+03
4.299377441406250000e+03
4.686150390625000000e+03
4.014314208984375000e+03
3.735375000000000000e+03
4.045182617187500000e+03
3.588395751953125000e+03
3.312812011718750000e+03
3.421638671875000000e+03
4.506236328125000000e+03
6.968145996093750000e+03
5.978351562500000000e+03
4.346954101562500000e+03
5.429682617187500000e+03
6.365107421875000000e+03
5.750607421875000000e+03
5.137127929687500000e+03
4.663711425781250000e+03
4.596802734375000000e+03
4.716376953125000000e+03
4.925044921875000000e+03
4.611826171875000000e+03
3.986470703125000000e+03
3.861529052734375000e+03
3.903908691406250000e+03
3.993626953125000000e+03
3.753715820312500000e+03
4.380108398437500000e+03
5.326474121093750000e+03
5.362297363281250000e+03
4.307749023437500000e+03
3.461280761718750000e+03
3.666225830078125000e+03
4.410982421875000000e+03
4.718427246093750000e+03
6.273517089843750000e+03
5.714057617187500000e+03
4.361306640625000000e+03
5.754320800781250000e+03
7.517636230468750000e+03
6.650304687500000000e+03
6.144856445312500000e+03
5.170106445312500000e+03
5.215837890625000000e+03
5.099617675781250000e+03
4.288002929687500000e+03
4.126462890625000000e+03
4.619433105468750000e+03
4.436757812500000000e+03
4.453036132812500000e+03
5.211218750000000000e+03
5.018787597656250000e+03
4.079021484375000000e+03
3.902622314453125000e+03
4.087610595703125000e+03
3.893456542968750000e+03
4.768656250000000000e+03
6.697998046875000000e+03
4.685161621093750000e+03
4.053043457031250000e+03
7.733142089843750000e+03
6.056735839843750000e+03
5.351350585937500000e+03
6.757613281250000000e+03
5.036708007812500000e+03
5.025533203125000000e+03
5.149198730468750000e+03
4.850578125000000000e+03
5.217170898437500000e+03
4.971345703125000000e+03
3.812584228515625000e+03
3.809344970703125000e+03
4.264949707031250000e+03
4.833688476562500000e+03
5.031398437500000000e+03
4.720726074218750000e+03
3.640667968750000000e+03
3.328706054687500000e+03
3.915780273437500000e+03
4.049784667968750000e+03
4.680875000000000000e+03
6.284873046875000000e+03
4.974721191406250000e+03
3.872901611328125000e+03
6.229200683593750000e+03
6.348060058593750000e+03
5.316743164062500000e+03
5.924179687500000000e+03
5.155371582031250000e+03
5.296540039062500000e+03
4.554975097656250000e+03
4.418077636718750000e+03
4.717513183593750000e+03
4.223730468750000000e+03
3.803707519531250000e+03
3.896397460937500000e+03
3.991810302734375000e+03
3.826812011718750000e+03
3.873962402343750000e+03
4.725369628906250000e+03
4.833186523437500000e+03
4.028461181640625000e+03
3.852536376953125000e+03
3.720937255859375000e+03
4.451476074218750000e+03
5.264234375000000000e+03
4.924936035156250000e+03
3.917337158203125000e+03
3.750344970703125000e+03
3.497346923828125000e+03
4.118943359375000000e+03
4.625629882812500000e+03
3.987789550781250000e+03
4.173599121093750000e+03
4.387752929687500000e+03
4.210270996093750000e+03
4.339391113281250000e+03
4.184618652343750000e+03
4.265149414062500000e+03
4.963168945312500000e+03
4.393187011718750000e+03
4.487510742187500000e+03
5.356692871093750000e+03
5.028104492187500000e+03
4.655079589843750000e+03
4.391320312500000000e+03
4.475166015625000000e+03
4.180892089843750000e+03
4.260695800781250000e+03
4.512183593750000000e+03
4.781362792968750000e+03
4.744734863281250000e+03
4.266330566406250000e+03
4.508797363281250000e+03
4.847199707031250000e+03
4.374453613281250000e+03
4.671043457031250000e+03
4.962961914062500000e+03
4.596524902343750000e+03
4.314913574218750000e+03
3.731299316406250000e+03
4.659525390625000000e+03
5.106880371093750000e+03
3.732959960937500000e+03
4.062720458984375000e+03
4.004403808593750000e+03
3.177598388671875000e+03
4.113772460937500000e+03
4.162897949218750000e+03
4.064780029296875000e+03
4.674199218750000000e+03
4.358855468750000000e+03
3.967596191406250000e+03
3.995734130859375000e+03
4.686861816406250000e+03
5.208394042968750000e+03
4.268503417968750000e+03
3.836844970703125000e+03
4.034299804687500000e+03
3.632332763671875000e+03
3.862344482421875000e+03
4.617641113281250000e+03
4.944686035156250000e+03
4.887105957031250000e+03
3.980549316406250000e+03
3.626730224609375000e+03
4.112885253906250000e+03
4.826846679687500000e+03
5.076036132812500000e+03
3.932434570312500000e+03
3.274885742187500000e+03
3.317382812500000000e+03
3.593079101562500000e+03
5.302761230468750000e+03
5.807985839843750000e+03
4.145511718750000000e+03
4.796479980468750000e+03
5.462518554687500000e+03
4.963991699218750000e+03
3.926886230468750000e+03
3.814480224609375000e+03
4.293653808593750000e+03
4.252290527343750000e+03
4.099859863281250000e+03
4.718146972656250000e+03
4.155321777343750000e+03
3.340722167968750000e+03
3.118053222656250000e+03
3.401974121093750000e+03
3.603705078125000000e+03
4.376346191406250000e+03
5.463414062500000000e+03
4.692985351562500000e+03
3.146146240234375000e+03
3.701012695312500000e+03
5.429854003906250000e+03
5.221451171875000000e+03
3.806291992187500000e+03
4.538217285156250000e+03
5.796488769531250000e+03
4.851011230468750000e+03
3.886732666015625000e+03
4.350685546875000000e+03
5.771733886718750000e+03
5.241535156250000000e+03
4.440832519531250000e+03
4.481268554687500000e+03
5.073898925781250000e+03
4.950222656250000000e+03
4.552895507812500000e+03
4.033084960937500000e+03
4.735133300781250000e+03
5.268424316406250000e+03
4.638458984375000000e+03
3.945299560546875000e+03
3.813174560546875000e+03
3.992760253906250000e+03
4.361516601562500000e+03
4.175231933593750000e+03
3.560625976562500000e+03
3.700942138671875000e+03
3.957223876953125000e+03
4.317435058593750000e+03
4.833252441406250000e+03
4.536349609375000000e+03
3.724931396484375000e+03
3.455114257812500000e+03
3.331304687500000000e+03
4.072675537109375000e+03
5.004271484375000000e+03
4.306903320312500000e+03
3.308767089843750000e+03
3.401353271484375000e+03
3.238526611328125000e+03
3.960601074218750000e+03
5.738335449218750000e+03
4.440834472656250000e+03
3.646391357421875000e+03
5.887407714843750000e+03
6.488790527343750000e+03
5.494541992187500000e+03
5.837668945312500000e+03
4.716824218750000000e+03
4.566549804687500000e+03
4.737227539062500000e+03
4.492375000000000000e+03
4.155334960937500000e+03
4.146495117187500000e+03
4.139517578125000000e+03
4.450329101562500000e+03
4.266480957031250000e+03
3.829941162109375000e+03
3.245590820312500000e+03
3.170349121093750000e+03
3.345418457031250000e+03
3.495709472656250000e+03
4.137716308593750000e+03
4.867862792968750000e+03
4.483427734375000000e+03
3.717420410156250000e+03
3.157933593750000000e+03
3.009729980468750000e+03
2.943900390625000000e+03
2.954209960937500000e+03
3.113187011718750000e+03
5.542674804687500000e+03
6.614650390625000000e+03
4.272485839843750000e+03
6.349440917968750000e+03
4.886582031250000000e+03
4.211199707031250000e+03
3.744808349609375000e+03
3.451633544921875000e+03
3.851811767578125000e+03
4.095786376953125000e+03
4.203822265625000000e+03
4.202943359375000000e+03
4.159740722656250000e+03
4.026863281250000000e+03
3.939245361328125000e+03
4.313008300781250000e+03
4.261430175781250000e+03
3.671023193359375000e+03
3.590424560546875000e+03
3.978258544921875000e+03
4.092331542968750000e+03
4.513888183593750000e+03
4.810091308593750000e+03
4.033745117187500000e+03
3.250910888671875000e+03
3.171559082031250000e+03
2.968198730468750000e+03
3.084517822265625000e+03
4.039811035156250000e+03
4.999572753906250000e+03
4.014508789062500000e+03
3.287562744140625000e+03
3.412124023437500000e+03
4.244882812500000000e+03
4.992248046875000000e+03
4.171340332031250000e+03
3.538135742187500000e+03
3.699698730468750000e+03
6.518468261718750000e+03
5.419404785156250000e+03
5.268188476562500000e+03
5.445959472656250000e+03
4.415101562500000000e+03
4.168865722656250000e+03
3.630761230468750000e+03
3.429974609375000000e+03
3.577338867187500000e+03
3.893266113281250000e+03
3.896104736328125000e+03
3.655231201171875000e+03
3.282631591796875000e+03
3.331339843750000000e+03
4.597173828125000000e+03
4.697063964843750000e+03
3.419426513671875000e+03
3.103584472656250000e+03
3.042365234375000000e+03
3.029021484375000000e+03
3.410368896484375000e+03
4.666681152343750000e+03
5.648254394531250000e+03
4.237016113281250000e+03
3.365834716796875000e+03
5.815111328125000000e+03
5.706416992187500000e+03
4.867258300781250000e+03
5.621346191406250000e+03
4.520613281250000000e+03
4.337327148437500000e+03
4.620020507812500000e+03
4.416889160156250000e+03
4.372138671875000000e+03
3.676305908203125000e+03
3.152521240234375000e+03
3.627119628906250000e+03
3.432168212890625000e+03
3.045747070312500000e+03
3.051767089843750000e+03
3.303410888671875000e+03
4.355334472656250000e+03
4.654808105468750000e+03
3.628318115234375000e+03
3.465594238281250000e+03
3.061811035156250000e+03
3.134548339843750000e+03
4.221203125000000000e+03
4.772646484375000000e+03
3.760448974609375000e+03
2.667500488281250000e+03
2.797633544921875000e+03
5.181174804687500000e+03
5.513545898437500000e+03
3.725371582031250000e+03
4.365099609375000000e+03
6.069532714843750000e+03
4.559549804687500000e+03
4.162257812500000000e+03
5.539726562500000000e+03
4.619599121093750000e+03
4.317895019531250000e+03
5.014074707031250000e+03
4.242017089843750000e+03
3.803207031250000000e+03
3.534548583984375000e+03
3.504282714843750000e+03
3.723149169921875000e+03
3.709332519531250000e+03
3.480609375000000000e+03
3.827135986328125000e+03
3.729009033203125000e+03
3.649589355468750000e+03
3.526270019531250000e+03
3.899885009765625000e+03
4.069765869140625000e+03
3.975011962890625000e+03
3.830478759765625000e+03
3.227309814453125000e+03
2.852169921875000000e+03
2.998366943359375000e+03
3.052376708984375000e+03
4.025057617187500000e+03
5.153473144531250000e+03
3.791066406250000000e+03
3.543720947265625000e+03
4.786420410156250000e+03
5.186180175781250000e+03
4.280677246093750000e+03
3.826336914062500000e+03
4.299624023437500000e+03
4.607236816406250000e+03
3.903513916015625000e+03
3.589959716796875000e+03
3.547101562500000000e+03
3.153130126953125000e+03
3.017771240234375000e+03
3.037584228515625000e+03
2.515971923828125000e+03
2.715601806640625000e+03
2.729574218750000000e+03
2.356516357421875000e+03
3.031500732421875000e+03
4.272437011718750000e+03
4.642649902343750000e+03
3.852967285156250000e+03
2.725843505859375000e+03
2.531712646484375000e+03
2.803212646484375000e+03
4.914203613281250000e+03
5.016945800781250000e+03
3.521687988281250000e+03
3.071803710937500000e+03
4.705812500000000000e+03
5.373399902343750000e+03
3.935841308593750000e+03
4.600081542968750000e+03
5.399062011718750000e+03
5.013873535156250000e+03
4.141710449218750000e+03
4.012144287109375000e+03
4.542434082031250000e+03
4.153037109375000000e+03
3.475901611328125000e+03
3.286959716796875000e+03
3.434929199218750000e+03
3.115369628906250000e+03
3.008776367187500000e+03
3.309895996093750000e+03
3.672426025390625000e+03
3.691346923828125000e+03
4.369946289062500000e+03
4.213023925781250000e+03
3.310479736328125000e+03
3.009160644531250000e+03
2.984340820312500000e+03
2.901645996093750000e+03
3.095382324218750000e+03
3.799035644531250000e+03
4.318831542968750000e+03
3.892457519531250000e+03
3.197369628906250000e+03
2.887825195312500000e+03
2.849676269531250000e+03
2.721521728515625000e+03
2.641343994140625000e+03
2.786697265625000000e+03
3.372232177734375000e+03
4.362777832031250000e+03
5.004439941406250000e+03
3.523034179687500000e+03
3.413301269531250000e+03
5.135061035156250000e+03
4.814035156250000000e+03
4.044283691406250000e+03
4.360407226562500000e+03
5.135373046875000000e+03
4.483234375000000000e+03
4.006969238281250000e+03
4.192944824218750000e+03
4.191921875000000000e+03
