1.225140000000000000e+05
2.105693750000000000e+05
1.701583281250000000e+05
5.201216406250000000e+04
1.047563906250000000e+05
1.331453750000000000e+05
9.641161718750000000e+04
3.161041992187500000e+04
6.270247656250000000e+04
8.788888281250000000e+04
7.064885937500000000e+04
2.934003515625000000e+04
3.946336328125000000e+04
6.149584765625000000e+04
5.253868359375000000e+04
2.258635156250000000e+04
2.690164257812500000e+04
4.392052734375000000e+04
3.786181250000000000e+04
1.760823046875000000e+04
2.301939843750000000e+04
3.330689843750000000e+04
2.496926953125000000e+04
1.092641796875000000e+04
2.241739062500000000e+04
2.358251367187500000e+04
1.159136132812500000e+04
1.620501171875000000e+04
2.062805078125000000e+04
1.073541894531250000e+04
1.329980957031250000e+04
1.710623046875000000e+04
8.422370117187500000e+03
1.301361328125000000e+04
1.374287890625000000e+04
6.703028808593750000e+03
1.234484277343750000e+04
7.792078125000000000e+03
9.862174804687500000e+03
1.046167871093750000e+04
5.952269042968750000e+03
9.229114257812500000e+03
4.949287109375000000e+03
8.428244140625000000e+03
4.828498535156250000e+03
7.802062988281250000e+03
4.914824707031250000e+03
7.561610839843750000e+03
4.531051269531250000e+03
7.205137207031250000e+03
4.748353515625000000e+03
6.560708007812500000e+03
5.015462890625000000e+03
5.084916503906250000e+03
5.616230957031250000e+03
4.499053222656250000e+03
5.911950195312500000e+03
4.711662109375000000e+03
6.095894042968750000e+03
4.563323242187500000e+03
5.231758789062500000e+03
5.316535644531250000e+03
4.268267578125000000e+03
5.314851074218750000e+03
4.554020019531250000e+03
3.892356445312500000e+03
5.120830078125000000e+03
4.106414550781250000e+03
4.340446777343750000e+03
4.946100097656250000e+03
3.990020019531250000e+03
4.530832519531250000e+03
4.973795898437500000e+03
4.250514648437500000e+03
4.597130859375000000e+03
4.589267578125000000e+03
4.209442871093750000e+03
5.016560546875000000e+03
4.754580078125000000e+03
4.331176757812500000e+03
4.555247558593750000e+03
4.199362792968750000e+03
3.747421875000000000e+03
4.658845703125000000e+03
4.209600585937500000e+03
3.831043945312500000e+03
3.982150146484375000e+03
3.690686279296875000e+03
3.611279052734375000e+03
3.801079101562500000e+03
3.803884765625000000e+03
3.643133056640625000e+03
3.907491210937500000e+03
3.619489746093750000e+03
3.731698974609375000e+03
3.273840087890625000e+03
3.869645996093750000e+03
3.655650146484375000e+03
3.387985107421875000e+03
3.756589111328125000e+03
3.440818359375000000e+03
3.557357666015625000e+03
3.530759277343750000e+03
3.697843017578125000e+03
4.392000976562500000e+03
4.566925292968750000e+03
4.020630371093750000e+03
3.956390625000000000e+03
4.489496093750000000e+03
4.658679687500000000e+03
4.265247558593750000e+03
3.975652832031250000e+03
4.419820312500000000e+03
4.360295898437500000e+03
4.034539306640625000e+03
4.403777343750000000e+03
3.651307373046875000e+03
3.981471679687500000e+03
3.890496826171875000e+03
4.020666992187500000e+03
3.812293945312500000e+03
3.604889404296875000e+03
3.685690185546875000e+03
3.843614013671875000e+03
4.049282226562500000e+03
4.134259765625000000e+03
4.319665527343750000e+03
4.256127929687500000e+03
4.000804687500000000e+03
4.192661132812500000e+03
4.370968261718750000e+03
4.096020996093750000e+03
4.695042968750000000e+03
4.049579589843750000e+03
4.049139892578125000e+03
4.255250488281250000e+03
4.104823730468750000e+03
4.065663085937500000e+03
4.577089355468750000e+03
4.377890625000000000e+03
3.929170898437500000e+03
4.230355957031250000e+03
4.064818847656250000e+03
4.638921386718750000e+03
4.375473632812500000e+03
4.079715087890625000e+03
4.558917968750000000e+03
4.414487792968750000e+03
4.983629882812500000e+03
4.809878417968750000e+03
4.573199707031250000e+03
4.106787109375000000e+03
4.909049804687500000e+03
4.661385253906250000e+03
4.237809082031250000e+03
4.332017089843750000e+03
3.885042968750000000e+03
4.044881103515625000e+03
4.106450195312500000e+03
5.029431640625000000e+03
5.141511718750000000e+03
4.661155761718750000e+03
4.306509765625000000e+03
4.707251953125000000e+03
5.176444824218750000e+03
4.104563964843750000e+03
4.456042968750000000e+03
3.699725585937500000e+03
4.257422363281250000e+03
4.521143066406250000e+03
5.480704101562500000e+03
5.054193359375000000e+03
4.739203125000000000e+03
5.115557128906250000e+03
4.883941406250000000e+03
4.505945312500000000e+03
4.697016113281250000e+03
4.309872070312500000e+03
4.121662109375000000e+03
4.237982421875000000e+03
4.496171386718750000e+03
4.366556640625000000e+03
4.528669921875000000e+03
4.123420898437500000e+03
4.789079101562500000e+03
4.410658203125000000e+03
4.157934570312500000e+03
5.012651367187500000e+03
4.345892578125000000e+03
4.214456054687500000e+03
4.296543945312500000e+03
4.368254882812500000e+03
4.165022949218750000e+03
4.313536621093750000e+03
3.813578613281250000e+03
4.055417236328125000e+03
3.576504150390625000e+03
4.749890625000000000e+03
4.833520996093750000e+03
5.404726074218750000e+03
5.621177734375000000e+03
4.476270019531250000e+03
4.263961914062500000e+03
4.866794433593750000e+03
5.005576171875000000e+03
4.824051269531250000e+03
4.241616699218750000e+03
4.585795410156250000e+03
4.502921386718750000e+03
4.678729492187500000e+03
4.587091796875000000e+03
4.894466308593750000e+03
4.457734375000000000e+03
4.880937988281250000e+03
4.593027343750000000e+03
3.754783935546875000e+03
4.379278320312500000e+03
4.780281738281250000e+03
5.149120117187500000e+03
4.655658691406250000e+03
4.240297851562500000e+03
4.488486816406250000e+03
4.074868164062500000e+03
4.198041015625000000e+03
4.377948730468750000e+03
5.077133789062500000e+03
5.511208007812500000e+03
5.152972167968750000e+03
4.973720214843750000e+03
4.539536132812500000e+03
4.421128417968750000e+03
4.270801269531250000e+03
4.682863281250000000e+03
4.280946289062500000e+03
4.392890625000000000e+03
5.290877441406250000e+03
5.860265625000000000e+03
5.813128906250000000e+03
5.306395507812500000e+03
5.144262695312500000e+03
4.979751953125000000e+03
5.105753906250000000e+03
5.075677734375000000e+03
5.048986816406250000e+03
4.532663574218750000e+03
4.492428710937500000e+03
4.181812988281250000e+03
4.208888671875000000e+03
5.269571777343750000e+03
6.187425781250000000e+03
6.640091308593750000e+03
5.095063964843750000e+03
4.368564453125000000e+03
5.069039062500000000e+03
5.429659179687500000e+03
5.123038085937500000e+03
4.857612304687500000e+03
4.865635742187500000e+03
4.600550781250000000e+03
4.110827148437500000e+03
4.445422363281250000e+03
4.700705566406250000e+03
5.096619140625000000e+03
5.114827148437500000e+03
4.977829101562500000e+03
5.422363281250000000e+03
5.362614257812500000e+03
4.812871093750000000e+03
5.397207519531250000e+03
5.671261230468750000e+03
5.812999023437500000e+03
5.430181152343750000e+03
5.175164062500000000e+03
5.377979980468750000e+03
5.411805664062500000e+03
5.378609375000000000e+03
5.104422363281250000e+03
5.983261718750000000e+03
6.369815917968750000e+03
5.524745117187500000e+03
5.798890136718750000e+03
5.321427734375000000e+03
5.449666503906250000e+03
6.106332519531250000e+03
5.164785644531250000e+03
5.096792480468750000e+03
4.895741699218750000e+03
4.457135253906250000e+03
4.667793457031250000e+03
4.211973144531250000e+03
4.811007324218750000e+03
5.162461425781250000e+03
4.735192382812500000e+03
5.050277832031250000e+03
5.312143066406250000e+03
5.002753417968750000e+03
5.179241699218750000e+03
5.237632324218750000e+03
5.527131347656250000e+03
4.742753417968750000e+03
5.111970703125000000e+03
6.032798339843750000e+03
5.673349121093750000e+03
5.271411621093750000e+03
5.512670898437500000e+03
4.957111816406250000e+03
4.864341796875000000e+03
4.910329589843750000e+03
4.740167968750000000e+03
4.730827636718750000e+03
4.739839355468750000e+03
4.783464843750000000e+03
6.055784667968750000e+03
6.311545898437500000e+03
5.496503417968750000e+03
5.270312500000000000e+03
4.980480468750000000e+03
4.823330566406250000e+03
5.693265136718750000e+03
7.059748535156250000e+03
5.776925781250000000e+03
4.514108398437500000e+03
4.454424804687500000e+03
4.518240722656250000e+03
4.558601562500000000e+03
4.480916015625000000e+03
5.841187011718750000e+03
7.466516601562500000e+03
5.678291503906250000e+03
4.699196777343750000e+03
5.765921875000000000e+03
6.891918457031250000e+03
5.459552734375000000e+03
5.543700683593750000e+03
4.812566406250000000e+03
4.733273437500000000e+03
4.976174804687500000e+03
5.144750976562500000e+03
4.616843261718750000e+03
4.510431152343750000e+03
5.764339355468750000e+03
5.516832519531250000e+03
5.240427246093750000e+03
5.343261718750000000e+03
4.983152832031250000e+03
4.511668457031250000e+03
5.178881347656250000e+03
4.280645996093750000e+03
3.845018798828125000e+03
4.309877929687500000e+03
3.918768798828125000e+03
3.610139160156250000e+03
3.593724121093750000e+03
3.562186035156250000e+03
3.427204345703125000e+03
6.561248535156250000e+03
8.120452636718750000e+03
5.124499511718750000e+03
6.553507324218750000e+03
6.980792480468750000e+03
5.764149902343750000e+03
5.231044921875000000e+03
6.857550292968750000e+03
6.829154296875000000e+03
5.382485839843750000e+03
5.419373046875000000e+03
5.417442382812500000e+03
4.840449218750000000e+03
4.704037597656250000e+03
4.864601562500000000e+03
4.674794433593750000e+03
4.066915771484375000e+03
4.784867675781250000e+03
4.255488281250000000e+03
4.155095214843750000e+03
4.147868164062500000e+03
3.620875976562500000e+03
4.015732421875000000e+03
5.629308105468750000e+03
7.267450683593750000e+03
6.102173339843750000e+03
4.506140136718750000e+03
5.161552246093750000e+03
6.411362304687500000e+03
5.850621582031250000e+03
4.950748046875000000e+03
4.963098632812500000e+03
4.857002441406250000e+03
4.899462890625000000e+03
4.371541992187500000e+03
4.654049316406250000e+03
4.903795898437500000e+03
4.856761718750000000e+03
4.971568847656250000e+03
5.949666503906250000e+03
6.838673339843750000e+03
5.291754394531250000e+03
4.253079589843750000e+03
4.462203125000000000e+03
5.532358886718750000e+03
5.779862792968750000e+03
5.297166992187500000e+03
4.887749511718750000e+03
4.227890136718750000e+03
4.621607910156250000e+03
5.787832519531250000e+03
5.366244140625000000e+03
4.318775390625000000e+03
4.374061523437500000e+03
4.350782226562500000e+03
6.481125488281250000e+03
6.145835449218750000e+03
4.291529296875000000e+03
4.461791992187500000e+03
5.421736328125000000e+03
5.989542480468750000e+03
5.798643554687500000e+03
4.985306152343750000e+03
4.608354492187500000e+03
4.902929687500000000e+03
4.803950683593750000e+03
4.953462402343750000e+03
4.838882324218750000e+03
4.547110839843750000e+03
4.691719238281250000e+03
4.752631835937500000e+03
5.732315429687500000e+03
6.173047851562500000e+03
5.242567382812500000e+03
4.632088378906250000e+03
4.368237792968750000e+03
4.733248535156250000e+03
5.234582031250000000e+03
5.293318847656250000e+03
5.868532714843750000e+03
5.441657714843750000e+03
4.058625244140625000e+03
4.269262695312500000e+03
4.935417480468750000e+03
5.755187988281250000e+03
6.302142578125000000e+03
4.958307617187500000e+03
4.582155761718750000e+03
4.709208496093750000e+03
4.328589355468750000e+03
4.108547851562500000e+03
3.898782470703125000e+03
3.501801513671875000e+03
3.748050048828125000e+03
3.101712158203125000e+03
3.958178955078125000e+03
4.822643554687500000e+03
6.154940917968750000e+03
7.269069335937500000e+03
5.180602050781250000e+03
5.152065917968750000e+03
7.585339843750000000e+03
7.084570800781250000e+03
5.802585449218750000e+03
6.426719726562500000e+03
6.769548339843750000e+03
5.891925781250000000e+03
5.224500488281250000e+03
5.641581542968750000e+03
5.366352050781250000e+03
4.725475097656250000e+03
4.664336425781250000e+03
4.530249511718750000e+03
4.244880371093750000e+03
4.157039062500000000e+03
3.940414306640625000e+03
3.523253906250000000e+03
3.608364257812500000e+03
3.864246582031250000e+03
5.047914062500000000e+03
7.765523925781250000e+03
5.453487304687500000e+03
4.438376953125000000e+03
7.864234863281250000e+03
7.429179199218750000e+03
6.787820312500000000e+03
8.254318359375000000e+03
5.682281250000000000e+03
7.017729492187500000e+03
6.982300781250000000e+03
5.926477539062500000e+03
5.682763671875000000e+03
5.617159667968750000e+03
5.305908203125000000e+03
4.610484863281250000e+03
4.611335449218750000e+03
4.458410156250000000e+03
3.898119628906250000e+03
4.126036621093750000e+03
3.986044677734375000e+03
4.985989257812500000e+03
5.912211914062500000e+03
4.849811035156250000e+03
4.179332031250000000e+03
3.975078613281250000e+03
3.714616699218750000e+03
4.983639648437500000e+03
5.579882324218750000e+03
4.709116699218750000e+03
4.616505859375000000e+03
4.284488769531250000e+03
4.198149414062500000e+03
4.579848632812500000e+03
4.540326660156250000e+03
4.714985351562500000e+03
5.126027343750000000e+03
5.177899414062500000e+03
5.334485839843750000e+03
4.703342285156250000e+03
4.559903808593750000e+03
4.551332519531250000e+03
4.784177734375000000e+03
4.674024902343750000e+03
5.122059570312500000e+03
4.944855468750000000e+03
4.532886230468750000e+03
5.050773437500000000e+03
4.893122558593750000e+03
4.615908203125000000e+03
4.935058593750000000e+03
4.802291992187500000e+03
4.931005859375000000e+03
5.325021972656250000e+03
4.734691406250000000e+03
4.704140625000000000e+03
4.344191894531250000e+03
4.452013671875000000e+03
6.718574707031250000e+03
5.605478027343750000e+03
4.193982421875000000e+03
5.353703125000000000e+03
5.239874023437500000e+03
4.299377441406250000e+03
4.686150390625000000e+03
4.014314208984375000e+03
3.735375000000000000e+03
4.045182617187500000e+03
3.588395751953125000e+03
3.312812011718750000e+03
3.421638671875000000e+03
4.506236328125000000e+03
6.968145996093750000e+03
5.978351562500000000e+03
4.346954101562500000e+03
5.429682617187500000e+03
6.365107421875000000e+03
5.750607421875000000e+03
5.137127929687500000e+03
4.663711425781250000e+03
4.596802734375000000e+03
4.716376953125000000e+03
4.925044921875000000e+03
4.611826171875000000e+03
3.986470703125000000e+03
3.861529052734375000e+03
3.903908691406250000e+03
3.993626953125000000e+03
3.753715820312500000e+03
4.380108398437500000e+03
5.326474121093750000e+03
5.362297363281250000e+03
4.307749023437500000e+03
3.461280761718750000e+03
3.666225830078125000e+03
4.410982421875000000e+03
4.718427246093750000e+03
6.273517089843750000e+03
5.714057617187500000e+03
4.361306640625000000e+03
5.754320800781250000e+03
7.517636230468750000e+03
6.650304687500000000e+03
6.144856445312500000e+03
5.170106445312500000e+03
5.215837890625000000e+03
5.099617675781250000e+03
4.288002929687500000e+03
4.126462890625000000e+03
4.619433105468750000e+03
4.436757812500000000e+03
4.453036132812500000e+03
5.211218750000000000e+03
5.018787597656250000e+03
4.079021484375000000e+03
3.902622314453125000e+03
4.087610595703125000e+03
3.893456542968750000e+03
4.768656250000000000e+03
6.697998046875000000e+03
4.685161621093750000e+03
4.053043457031250000e+03
7.733142089843750000e+03
6.056735839843750000e+03
5.351350585937500000e+03
6.757613281250000000e+03
5.036708007812500000e+03
5.025533203125000000e+03
5.149198730468750000e+03
4.850578125000000000e+03
5.217170898437500000e+03
4.971345703125000000e+03
3.812584228515625000e+03
3.809344970703125000e+03
4.264949707031250000e+03
4.833688476562500000e+03
5.031398437500000000e+03
4.720726074218750000e+03
3.640667968750000000e+03
3.328706054687500000e+03
3.915780273437500000e+03
4.049784667968750000e+03
4.680875000000000000e+03
6.284873046875000000e+03
4.974721191406250000e+03
3.872901611328125000e+03
6.229200683593750000e+03
6.348060058593750000e+03
5.316743164062500000e+03
5.924179687500000000e+03
5.155371582031250000e+03
5.296540039062500000e+03
4.554975097656250000e+03
4.418077636718750000e+03
4.717513183593750000e+03
4.223730468750000000e+03
3.803707519531250000e+03
3.896397460937500000e+03
3.991810302734375000e+03
3.826812011718750000e+03
3.873962402343750000e+03
4.725369628906250000e+03
4.833186523437500000e+03
4.028461181640625000e+03
3.852536376953125000e+03
3.720937255859375000e+03
4.451476074218750000e+03
5.264234375000000000e+03
4.924936035156250000e+03
3.917337158203125000e+03
3.750344970703125000e+03
3.497346923828125000e+03
4.118943359375000000e+03
4.625629882812500000e+03
3.987789550781250000e+03
4.173599121093750000e+03
4.387752929687500000e+03
4.210270996093750000e+03
4.339391113281250000e+03
4.184618652343750000e+03
4.265149414062500000e+03
4.963168945312500000e+03
4.393187011718750000e+03
4.487510742187500000e+03
5.356692871093750000e+03
5.028104492187500000e+03
4.655079589843750000e+03
4.391320312500000000e+03
4.475166015625000000e+03
4.180892089843750000e+03
4.260695800781250000e+03
4.512183593750000000e+03
4.781362792968750000e+03
4.744734863281250000e+03
4.266330566406250000e+03
4.508797363281250000e+03
4.847199707031250000e+03
4.374453613281250000e+03
4.671043457031250000e+03
4.962961914062500000e+03
4.596524902343750000e+03
4.314913574218750000e+03
3.731299316406250000e+03
4.659525390625000000e+03
5.106880371093750000e+03
3.732959960937500000e+03
4.062720458984375000e+03
4.004403808593750000e+03
3.177598388671875000e+03
4.113772460937500000e+03
4.162897949218750000e+03
4.064780029296875000e+03
4.674199218750000000e+03
4.358855468750000000e+03
3.967596191406250000e+03
3.995734130859375000e+03
4.686861816406250000e+03
5.208394042968750000e+03
4.268503417968750000e+03
3.836844970703125000e+03
4.034299804687500000e+03
3.632332763671875000e+03
3.862344482421875000e+03
4.617641113281250000e+03
4.944686035156250000e+03
4.887105957031250000e+03
3.980549316406250000e+03
3.626730224609375000e+03
4.112885253906250000e+03
4.826846679687500000e+03
5.076036132812500000e+03
3.932434570312500000e+03
3.274885742187500000e+03
3.317382812500000000e+03
3.593079101562500000e+03
5.302761230468750000e+03
5.807985839843750000e+03
4.145511718750000000e+03
4.796479980468750000e+03
5.462518554687500000e+03
4.963991699218750000e+03
3.926886230468750000e+03
3.814480224609375000e+03
4.293653808593750000e+03
4.252290527343750000e+03
4.099859863281250000e+03
4.718146972656250000e+03
4.155321777343750000e+03
3.340722167968750000e+03
3.118053222656250000e+03
3.401974121093750000e+03
3.603705078125000000e+03
4.376346191406250000e+03
5.463414062500000000e+03
4.692985351562500000e+03
3.146146240234375000e+03
3.701012695312500000e+03
5.429854003906250000e+03
5.221451171875000000e+03
3.806291992187500000e+03
4.538217285156250000e+03
5.796488769531250000e+03
4.851011230468750000e+03
3.886732666015625000e+03
4.350685546875000000e+03
5.771733886718750000e+03
5.241535156250000000e+03
4.440832519531250000e+03
4.481268554687500000e+03
5.073898925781250000e+03
4.950222656250000000e+03
4.552895507812500000e+03
4.033084960937500000e+03
4.735133300781250000e+03
5.268424316406250000e+03
4.638458984375000000e+03
3.945299560546875000e+03
3.813174560546875000e+03
3.992760253906250000e+03
4.361516601562500000e+03
4.175231933593750000e+03
3.560625976562500000e+03
3.700942138671875000e+03
3.957223876953125000e+03
4.317435058593750000e+03
4.833252441406250000e+03
4.536349609375000000e+03
3.724931396484375000e+03
3.455114257812500000e+03
3.331304687500000000e+03
4.072675537109375000e+03
5.004271484375000000e+03
4.306903320312500000e+03
3.308767089843750000e+03
3.401353271484375000e+03
3.238526611328125000e+03
3.960601074218750000e+03
5.738335449218750000e+03
4.440834472656250000e+03
3.646391357421875000e+03
5.887407714843750000e+03
6.488790527343750000e+03
5.494541992187500000e+03
5.837668945312500000e+03
4.716824218750000000e+03
4.566549804687500000e+03
4.737227539062500000e+03
4.492375000000000000e+03
4.155334960937500000e+03
4.146495117187500000e+03
4.139517578125000000e+03
4.450329101562500000e+03
4.266480957031250000e+03
3.829941162109375000e+03
3.245590820312500000e+03
3.170349121093750000e+03
3.345418457031250000e+03
3.495709472656250000e+03
4.137716308593750000e+03
4.867862792968750000e+03
4.483427734375000000e+03
3.717420410156250000e+03
3.157933593750000000e+03
3.009729980468750000e+03
2.943900390625000000e+03
2.954209960937500000e+03
3.113187011718750000e+03
5.542674804687500000e+03
6.614650390625000000e+03
4.272485839843750000e+03
6.349440917968750000e+03
4.886582031250000000e+03
4.211199707031250000e+03
3.744808349609375000e+03
3.451633544921875000e+03
3.851811767578125000e+03
4.095786376953125000e+03
4.203822265625000000e+03
4.202943359375000000e+03
4.159740722656250000e+03
4.026863281250000000e+03
3.939245361328125000e+03
4.313008300781250000e+03
4.261430175781250000e+03
3.671023193359375000e+03
3.590424560546875000e+03
3.978258544921875000e+03
4.092331542968750000e+03
4.513888183593750000e+03
4.810091308593750000e+03
4.033745117187500000e+03
3.250910888671875000e+03
3.171559082031250000e+03
2.968198730468750000e+03
3.084517822265625000e+03
4.039811035156250000e+03
4.999572753906250000e+03
4.014508789062500000e+03
3.287562744140625000e+03
3.412124023437500000e+03
4.244882812500000000e+03
4.992248046875000000e+03
4.171340332031250000e+03
3.538135742187500000e+03
3.699698730468750000e+03
6.518468261718750000e+03
5.419404785156250000e+03
5.268188476562500000e+03
5.445959472656250000e+03
4.415101562500000000e+03
4.168865722656250000e+03
3.630761230468750000e+03
3.429974609375000000e+03
3.577338867187500000e+03
3.893266113281250000e+03
3.896104736328125000e+03
3.655231201171875000e+03
3.282631591796875000e+03
3.331339843750000000e+03
4.597173828125000000e+03
4.697063964843750000e+03
3.419426513671875000e+03
3.103584472656250000e+03
3.042365234375000000e+03
3.029021484375000000e+03
3.410368896484375000e+03
4.666681152343750000e+03
5.648254394531250000e+03
4.237016113281250000e+03
3.365834716796875000e+03
5.815111328125000000e+03
5.706416992187500000e+03
4.867258300781250000e+03
5.621346191406250000e+03
4.520613281250000000e+03
4.337327148437500000e+03
4.620020507812500000e+03
4.416889160156250000e+03
4.372138671875000000e+03
3.676305908203125000e+03
3.152521240234375000e+03
3.627119628906250000e+03
3.432168212890625000e+03
3.045747070312500000e+03
3.051767089843750000e+03
3.303410888671875000e+03
4.355334472656250000e+03
4.654808105468750000e+03
3.628318115234375000e+03
3.465594238281250000e+03
3.061811035156250000e+03
3.134548339843750000e+03
4.221203125000000000e+03
4.772646484375000000e+03
3.760448974609375000e+03
2.667500488281250000e+03
2.797633544921875000e+03
5.181174804687500000e+03
5.513545898437500000e+03
3.725371582031250000e+03
4.365099609375000000e+03
6.069532714843750000e+03
4.559549804687500000e+03
4.162257812500000000e+03
5.539726562500000000e+03
4.619599121093750000e+03
4.317895019531250000e+03
5.014074707031250000e+03
4.242017089843750000e+03
3.803207031250000000e+03
3.534548583984375000e+03
3.504282714843750000e+03
3.723149169921875000e+03
3.709332519531250000e+03
3.480609375000000000e+03
3.827135986328125000e+03
3.729009033203125000e+03
3.649589355468750000e+03
3.526270019531250000e+03
3.899885009765625000e+03
4.069765869140625000e+03
3.975011962890625000e+03
3.830478759765625000e+03
3.227309814453125000e+03
2.852169921875000000e+03
2.998366943359375000e+03
3.052376708984375000e+03
4.025057617187500000e+03
5.153473144531250000e+03
3.791066406250000000e+03
3.543720947265625000e+03
4.786420410156250000e+03
5.186180175781250000e+03
4.280677246093750000e+03
3.826336914062500000e+03
4.299624023437500000e+03
4.607236816406250000e+03
3.903513916015625000e+03
3.589959716796875000e+03
3.547101562500000000e+03
3.153130126953125000e+03
3.017771240234375000e+03
3.037584228515625000e+03
2.515971923828125000e+03
2.715601806640625000e+03
2.729574218750000000e+03
2.356516357421875000e+03
3.031500732421875000e+03
4.272437011718750000e+03
4.642649902343750000e+03
3.852967285156250000e+03
2.725843505859375000e+03
2.531712646484375000e+03
2.803212646484375000e+03
4.914203613281250000e+03
5.016945800781250000e+03
3.521687988281250000e+03
3.071803710937500000e+03
4.705812500000000000e+03
5.373399902343750000e+03
3.935841308593750000e+03
4.600081542968750000e+03
5.399062011718750000e+03
5.013873535156250000e+03
4.141710449218750000e+03
4.012144287109375000e+03
4.542434082031250000e+03
4.153037109375000000e+03
3.475901611328125000e+03
3.286959716796875000e+03
3.434929199218750000e+03
3.115369628906250000e+03
3.008776367187500000e+03
3.309895996093750000e+03
3.672426025390625000e+03
3.691346923828125000e+03
4.369946289062500000e+03
4.213023925781250000e+03
3.310479736328125000e+03
3.009160644531250000e+03
2.984340820312500000e+03
2.901645996093750000e+03
3.095382324218750000e+03
3.799035644531250000e+03
4.318831542968750000e+03
3.892457519531250000e+03
3.197369628906250000e+03
2.887825195312500000e+03
2.849676269531250000e+03
2.721521728515625000e+03
2.641343994140625000e+03
2.786697265625000000e+03
3.372232177734375000e+03
4.362777832031250000e+03
5.004439941406250000e+03
3.523034179687500000e+03
3.413301269531250000e+03
5.135061035156250000e+03
4.814035156250000000e+03
4.044283691406250000e+03
4.360407226562500000e+03
5.135373046875000000e+03
4.483234375000000000e+03
4.006969238281250000e+03
4.192944824218750000e+03
4.191921875000000000e+03
4.294422851562500000e+03
3.831849609375000000e+03
3.038984863281250000e+03
3.545548339843750000e+03
4.174107421875000000e+03
3.410253662109375000e+03
2.951360351562500000e+03
3.012343017578125000e+03
3.057972656250000000e+03
3.118391845703125000e+03
3.711222656250000000e+03
5.031401367187500000e+03
3.863547851562500000e+03
3.097540527343750000e+03
4.212104980468750000e+03
5.137936523437500000e+03
4.124729980468750000e+03
3.583722900390625000e+03
3.637320312500000000e+03
3.911586425781250000e+03
3.772964355468750000e+03
3.385214111328125000e+03
3.118648193359375000e+03
2.938368408203125000e+03
2.997573730468750000e+03
2.921646972656250000e+03
2.785080810546875000e+03
3.287866699218750000e+03
4.066296630859375000e+03
4.400983886718750000e+03
3.464155761718750000e+03
2.765465087890625000e+03
2.862283447265625000e+03
2.881408691406250000e+03
2.615601562500000000e+03
2.509987060546875000e+03
2.913039062500000000e+03
4.600319335937500000e+03
4.918097167968750000e+03
3.208109375000000000e+03
3.109878173828125000e+03
6.695092285156250000e+03
4.590330566406250000e+03
4.932328613281250000e+03
6.396952148437500000e+03
4.136080566406250000e+03
5.564287597656250000e+03
4.648593750000000000e+03
3.865919677734375000e+03
4.202580078125000000e+03
3.989894042968750000e+03
3.809324218750000000e+03
3.811986328125000000e+03
3.632790283203125000e+03
3.371876953125000000e+03
2.957949462890625000e+03
3.090729248046875000e+03
3.186089111328125000e+03
3.046819335937500000e+03
3.309979003906250000e+03
3.776392578125000000e+03
3.876008544921875000e+03
3.338849853515625000e+03
3.497207031250000000e+03
3.187011718750000000e+03
3.094441162109375000e+03
3.582358886718750000e+03
3.544114990234375000e+03
3.354427001953125000e+03
3.298940185546875000e+03
2.758549072265625000e+03
3.552851318359375000e+03
4.285028320312500000e+03
3.160533447265625000e+03
2.912628662109375000e+03
2.841876464843750000e+03
2.716050781250000000e+03
2.668776855468750000e+03
3.731891845703125000e+03
4.838303710937500000e+03
3.327664306640625000e+03
2.891860351562500000e+03
4.161599121093750000e+03
5.291820312500000000e+03
3.997227539062500000e+03
3.729666503906250000e+03
4.718645019531250000e+03
4.559860839843750000e+03
3.813554199218750000e+03
3.585513183593750000e+03
3.661140625000000000e+03
3.733034912109375000e+03
3.281432617187500000e+03
3.107461914062500000e+03
2.854671142578125000e+03
2.855442871093750000e+03
2.731372802734375000e+03
2.694295654296875000e+03
3.405112792968750000e+03
4.248233886718750000e+03
3.588284667968750000e+03
3.014918945312500000e+03
2.630523681640625000e+03
2.506825683593750000e+03
2.614608154296875000e+03
2.404445556640625000e+03
2.669127929687500000e+03
3.965193847656250000e+03
5.275978515625000000e+03
3.542844726562500000e+03
3.501376953125000000e+03
4.879295410156250000e+03
5.048071289062500000e+03
4.363972656250000000e+03
4.935892578125000000e+03
3.755137451171875000e+03
4.331678222656250000e+03
3.958723632812500000e+03
3.256262695312500000e+03
3.398252441406250000e+03
3.416695556640625000e+03
3.212666259765625000e+03
3.300486572265625000e+03
3.986226318359375000e+03
3.717839355468750000e+03
2.812562988281250000e+03
2.358687988281250000e+03
2.739779296875000000e+03
2.934110595703125000e+03
4.405749511718750000e+03
4.651160644531250000e+03
3.388601562500000000e+03
3.406573974609375000e+03
4.970932128906250000e+03
4.184703125000000000e+03
3.425545898437500000e+03
4.826097656250000000e+03
4.674845214843750000e+03
4.126847656250000000e+03
3.986865966796875000e+03
3.835198974609375000e+03
3.787915039062500000e+03
3.556498291015625000e+03
3.007185546875000000e+03
2.863525878906250000e+03
3.092223388671875000e+03
2.829159912109375000e+03
2.573240234375000000e+03
3.888887451171875000e+03
4.498782714843750000e+03
2.949125244140625000e+03
3.069802978515625000e+03
3.950955566406250000e+03
4.282925781250000000e+03
3.280336669921875000e+03
3.081995361328125000e+03
2.961338134765625000e+03
2.964399169921875000e+03
3.109951904296875000e+03
3.272627685546875000e+03
3.089483886718750000e+03
3.185779052734375000e+03
3.146354003906250000e+03
3.174430908203125000e+03
3.460597167968750000e+03
3.983720703125000000e+03
3.464725585937500000e+03
2.672222656250000000e+03
2.220752197265625000e+03
2.495216552734375000e+03
2.422085937500000000e+03
2.345697021484375000e+03
4.659184082031250000e+03
4.971520996093750000e+03
3.392227050781250000e+03
5.029927246093750000e+03
4.506699218750000000e+03
3.849838867187500000e+03
3.975278076171875000e+03
4.150907226562500000e+03
3.846671630859375000e+03
3.559161132812500000e+03
3.193389160156250000e+03
2.970151123046875000e+03
2.928757324218750000e+03
2.859776367187500000e+03
2.675318603515625000e+03
2.473852539062500000e+03
2.788135986328125000e+03
3.741437011718750000e+03
4.192555175781250000e+03
3.590447998046875000e+03
2.769792968750000000e+03
2.334742187500000000e+03
3.346788330078125000e+03
4.631674804687500000e+03
3.633507080078125000e+03
2.893765625000000000e+03
4.045081787109375000e+03
4.654698242187500000e+03
3.668407470703125000e+03
3.367111816406250000e+03
3.712048583984375000e+03
3.950931884765625000e+03
3.441653564453125000e+03
2.923066162109375000e+03
2.736645507812500000e+03
2.575470214843750000e+03
2.911224365234375000e+03
2.732032958984375000e+03
3.168518554687500000e+03
5.031851074218750000e+03
3.810825439453125000e+03
3.237043212890625000e+03
5.099372070312500000e+03
4.536878906250000000e+03
4.906941406250000000e+03
4.776919921875000000e+03
4.121867675781250000e+03
4.094376464843750000e+03
3.524758300781250000e+03
3.396488281250000000e+03
3.427746826171875000e+03
3.083398437500000000e+03
3.045556152343750000e+03
2.756734130859375000e+03
2.767256591796875000e+03
2.780292236328125000e+03
2.679166259765625000e+03
2.838617919921875000e+03
3.406123779296875000e+03
3.791742675781250000e+03
3.287745605468750000e+03
2.781453857421875000e+03
2.641733642578125000e+03
2.478860107421875000e+03
2.548907714843750000e+03
2.269419921875000000e+03
2.270664550781250000e+03
2.620694091796875000e+03
4.233750000000000000e+03
4.689744140625000000e+03
3.106447998046875000e+03
3.358117187500000000e+03
5.366452148437500000e+03
4.293872070312500000e+03
4.029155761718750000e+03
5.106845703125000000e+03
4.221159179687500000e+03
3.994073974609375000e+03
3.968734619140625000e+03
3.966376220703125000e+03
3.622725585937500000e+03
3.196945800781250000e+03
3.221251464843750000e+03
3.022505615234375000e+03
2.880337890625000000e+03
2.962104980468750000e+03
3.302279785156250000e+03
3.996680419921875000e+03
3.668821777343750000e+03
2.937899902343750000e+03
2.776972412109375000e+03
2.897182861328125000e+03
2.874380859375000000e+03
2.761534667968750000e+03
2.331879882812500000e+03
2.613119628906250000e+03
3.052399902343750000e+03
3.084910400390625000e+03
3.972074462890625000e+03
3.799672363281250000e+03
2.575074951171875000e+03
2.349014404296875000e+03
2.779705078125000000e+03
3.724527343750000000e+03
4.016151611328125000e+03
3.399885742187500000e+03
2.891812500000000000e+03
2.777853515625000000e+03
4.012129394531250000e+03
4.365250000000000000e+03
3.658373291015625000e+03
3.686135986328125000e+03
3.931468017578125000e+03
3.736772460937500000e+03
3.453201171875000000e+03
3.207602050781250000e+03
3.008973876953125000e+03
3.435753173828125000e+03
3.853827636718750000e+03
3.178087646484375000e+03
2.740098144531250000e+03
2.936936767578125000e+03
2.857481445312500000e+03
2.644369873046875000e+03
2.625508789062500000e+03
2.572145996093750000e+03
2.557492431640625000e+03
2.765170166015625000e+03
4.166781738281250000e+03
3.641244140625000000e+03
2.531937988281250000e+03
2.490444091796875000e+03
4.075577148437500000e+03
4.560580566406250000e+03
3.458819824218750000e+03
3.682513671875000000e+03
4.289502929687500000e+03
3.891648681640625000e+03
3.314132568359375000e+03
3.108372558593750000e+03
3.283831298828125000e+03
3.944848144531250000e+03
3.777826660156250000e+03
3.044558837890625000e+03
2.911777587890625000e+03
3.575245605468750000e+03
3.662180175781250000e+03
3.134890380859375000e+03
3.004005126953125000e+03
2.743288085937500000e+03
2.617040771484375000e+03
2.919870361328125000e+03
3.028718994140625000e+03
3.363656005859375000e+03
3.501128417968750000e+03
2.930141113281250000e+03
2.840208007812500000e+03
3.157377197265625000e+03
3.238951171875000000e+03
3.084630126953125000e+03
2.828690185546875000e+03
2.599774414062500000e+03
2.580690673828125000e+03
2.655008789062500000e+03
3.490741210937500000e+03
4.085419921875000000e+03
3.194325195312500000e+03
2.456239501953125000e+03
2.599164062500000000e+03
2.520573730468750000e+03
2.332105224609375000e+03
2.523504150390625000e+03
2.610712158203125000e+03
3.212509765625000000e+03
3.628506103515625000e+03
3.613480224609375000e+03
3.049541992187500000e+03
2.580698730468750000e+03
2.853153320312500000e+03
3.699527832031250000e+03
3.545329833984375000e+03
2.929134521484375000e+03
2.457334228515625000e+03
2.450176025390625000e+03
2.433054931640625000e+03
2.479582275390625000e+03
2.831186035156250000e+03
3.301625732421875000e+03
3.754983154296875000e+03
3.473698486328125000e+03
2.592079833984375000e+03
2.495489746093750000e+03
2.684980224609375000e+03
2.899834960937500000e+03
3.607295654296875000e+03
3.765125488281250000e+03
3.172221679687500000e+03
2.545800781250000000e+03
2.559002441406250000e+03
2.608500976562500000e+03
2.229149414062500000e+03
2.780174316406250000e+03
3.155351562500000000e+03
3.178777832031250000e+03
3.425829345703125000e+03
3.104380126953125000e+03
2.778857910156250000e+03
2.833125488281250000e+03
3.646230957031250000e+03
3.521203369140625000e+03
2.701206298828125000e+03
2.517655761718750000e+03
2.653736816406250000e+03
2.894861572265625000e+03
3.463408447265625000e+03
3.521254882812500000e+03
3.016429687500000000e+03
2.665842041015625000e+03
2.715772460937500000e+03
3.054516357421875000e+03
3.078460937500000000e+03
3.177040039062500000e+03
3.080279052734375000e+03
2.855218505859375000e+03
3.072519775390625000e+03
3.236555175781250000e+03
2.971110839843750000e+03
2.976462158203125000e+03
3.184255859375000000e+03
3.223113525390625000e+03
3.463670166015625000e+03
3.243106201171875000e+03
3.002808837890625000e+03
2.929565673828125000e+03
3.094252929687500000e+03
3.508581298828125000e+03
3.311125244140625000e+03
2.884699218750000000e+03
2.919507080078125000e+03
3.120836914062500000e+03
3.446922607421875000e+03
3.518096191406250000e+03
2.911489013671875000e+03
2.275841064453125000e+03
2.543986083984375000e+03
2.377202880859375000e+03
2.032433471679687500e+03
2.369811035156250000e+03
2.623735839843750000e+03
3.690002441406250000e+03
3.970762207031250000e+03
2.848367431640625000e+03
2.573039062500000000e+03
3.633934326171875000e+03
4.134794433593750000e+03
3.303589355468750000e+03
3.079827392578125000e+03
3.701964355468750000e+03
3.808839111328125000e+03
3.278803955078125000e+03
3.136111572265625000e+03
2.974075195312500000e+03
2.863373291015625000e+03
2.774776367187500000e+03
2.720785400390625000e+03
2.864066650390625000e+03
3.018334472656250000e+03
4.058022460937500000e+03
3.399498291015625000e+03
2.301991699218750000e+03
2.862833984375000000e+03
3.774720458984375000e+03
3.195861083984375000e+03
2.701552490234375000e+03
2.500295166015625000e+03
2.082147705078125000e+03
2.224074707031250000e+03
2.130824462890625000e+03
2.070587890625000000e+03
2.540739501953125000e+03
3.846174804687500000e+03
4.313510742187500000e+03
2.707919433593750000e+03
3.420558593750000000e+03
5.778742187500000000e+03
3.483339355468750000e+03
4.183914062500000000e+03
5.264400390625000000e+03
3.538742675781250000e+03
4.311623046875000000e+03
4.053430664062500000e+03
3.499672119140625000e+03
3.159651611328125000e+03
3.331328369140625000e+03
3.691038330078125000e+03
3.399380859375000000e+03
3.067767822265625000e+03
2.879231689453125000e+03
2.859265380859375000e+03
2.476300292968750000e+03
2.565432861328125000e+03
2.582922119140625000e+03
2.264206542968750000e+03
2.441827880859375000e+03
3.001281738281250000e+03
3.178313476562500000e+03
3.195883300781250000e+03
2.915147216796875000e+03
2.379026855468750000e+03
2.388886230468750000e+03
2.939341064453125000e+03
3.313468505859375000e+03
3.238734619140625000e+03
2.754515136718750000e+03
2.494165039062500000e+03
3.080868896484375000e+03
3.651555908203125000e+03
2.896501464843750000e+03
2.595381347656250000e+03
2.228925048828125000e+03
2.343943359375000000e+03
2.414432861328125000e+03
2.113561523437500000e+03
2.100979492187500000e+03
2.051752197265625000e+03
1.816201904296875000e+03
1.968451416015625000e+03
2.234265869140625000e+03
4.359761718750000000e+03
4.379655273437500000e+03
3.153907470703125000e+03
4.205064941406250000e+03
3.771613037109375000e+03
3.315302001953125000e+03
3.058649658203125000e+03
3.218921142578125000e+03
3.031007080078125000e+03
2.846941650390625000e+03
2.842966552734375000e+03
2.446927978515625000e+03
2.313010742187500000e+03
2.373929931640625000e+03
2.313462646484375000e+03
2.159773193359375000e+03
2.624909667968750000e+03
3.655968750000000000e+03
3.534731689453125000e+03
2.531090087890625000e+03
2.310596191406250000e+03
2.740911132812500000e+03
4.176914062500000000e+03
3.753136718750000000e+03
2.882391601562500000e+03
3.825665039062500000e+03
4.428034179687500000e+03
3.635383789062500000e+03
3.403888183593750000e+03
3.623783447265625000e+03
3.644501953125000000e+03
3.165146240234375000e+03
3.054638427734375000e+03
3.307378173828125000e+03
3.386125488281250000e+03
3.293039794921875000e+03
2.570660644531250000e+03
2.524291015625000000e+03
2.844319824218750000e+03
2.433896484375000000e+03
2.371327148437500000e+03
2.206654785156250000e+03
2.180931640625000000e+03
2.448506591796875000e+03
3.826394775390625000e+03
4.474008789062500000e+03
2.780237060546875000e+03
3.928134033203125000e+03
5.265906738281250000e+03
3.642757812500000000e+03
3.888923339843750000e+03
4.020635009765625000e+03
4.029301757812500000e+03
3.347996093750000000e+03
2.969041748046875000e+03
3.499010009765625000e+03
3.789941406250000000e+03
3.135002685546875000e+03
2.612376953125000000e+03
2.719496826171875000e+03
2.984516845703125000e+03
2.790734375000000000e+03
2.539646240234375000e+03
2.815674316406250000e+03
2.572507324218750000e+03
2.675425292968750000e+03
3.001027832031250000e+03
3.386495117187500000e+03
3.275453857421875000e+03
2.378465087890625000e+03
2.295957275390625000e+03
2.458856445312500000e+03
2.476755615234375000e+03
3.801617431640625000e+03
3.947506591796875000e+03
2.750125976562500000e+03
4.155970214843750000e+03
3.848917968750000000e+03
3.880290039062500000e+03
3.915282470703125000e+03
3.192159912109375000e+03
3.329127441406250000e+03
3.161179931640625000e+03
2.870799804687500000e+03
2.732890136718750000e+03
2.589346679687500000e+03
2.664350585937500000e+03
2.546445312500000000e+03
3.182364990234375000e+03
3.486200439453125000e+03
2.711920166015625000e+03
2.396075927734375000e+03
2.408989746093750000e+03
2.559656250000000000e+03
3.371220458984375000e+03
3.426640869140625000e+03
2.695732177734375000e+03
2.302044433593750000e+03
2.408172119140625000e+03
2.703721435546875000e+03
2.845255859375000000e+03
3.174991699218750000e+03
2.958151611328125000e+03
2.515464599609375000e+03
2.338168212890625000e+03
2.960152587890625000e+03
3.833833984375000000e+03
2.893089843750000000e+03
2.419527343750000000e+03
2.716123046875000000e+03
3.856295410156250000e+03
3.800523193359375000e+03
2.866020507812500000e+03
3.475018554687500000e+03
4.280835449218750000e+03
3.716320556640625000e+03
3.244326904296875000e+03
3.490415771484375000e+03
3.667531494140625000e+03
3.534448974609375000e+03
3.110897216796875000e+03
2.803195800781250000e+03
2.875857666015625000e+03
2.928707519531250000e+03
2.574694824218750000e+03
2.233002685546875000e+03
2.371017333984375000e+03
2.220695068359375000e+03
1.975858398437500000e+03
1.997053710937500000e+03
1.962513427734375000e+03
1.986418334960937500e+03
2.507205322265625000e+03
3.736745361328125000e+03
3.647180908203125000e+03
2.347736083984375000e+03
3.072306640625000000e+03
5.383404296875000000e+03
3.778036865234375000e+03
4.378972656250000000e+03
3.175979003906250000e+03
2.512767578125000000e+03
2.394739501953125000e+03
2.130152343750000000e+03
2.368531250000000000e+03
3.166908203125000000e+03
4.370638671875000000e+03
2.837259033203125000e+03
3.165984375000000000e+03
5.612521972656250000e+03
3.022214843750000000e+03
4.818729492187500000e+03
3.367235107421875000e+03
2.405079345703125000e+03
3.294100585937500000e+03
4.182750000000000000e+03
3.483265136718750000e+03
2.973100585937500000e+03
4.045611816406250000e+03
3.817197021484375000e+03
2.894144775390625000e+03
2.779284179687500000e+03
3.159157714843750000e+03
3.113143310546875000e+03
2.578090332031250000e+03
2.525098144531250000e+03
2.355589843750000000e+03
2.297274414062500000e+03
2.407341552734375000e+03
2.571475341796875000e+03
2.761093750000000000e+03
2.926806152343750000e+03
2.894565429687500000e+03
2.618233398437500000e+03
2.595263916015625000e+03
2.906804687500000000e+03
2.886474609375000000e+03
2.938566162109375000e+03
2.814584472656250000e+03
2.386107421875000000e+03
2.426731445312500000e+03
2.751584472656250000e+03
2.849734619140625000e+03
2.919998046875000000e+03
2.671969482421875000e+03
2.292965820312500000e+03
2.283668457031250000e+03
2.374003662109375000e+03
2.578421142578125000e+03
2.759100097656250000e+03
2.916784423828125000e+03
2.903750244140625000e+03
2.794838134765625000e+03
2.645251953125000000e+03
2.855976562500000000e+03
2.852381103515625000e+03
2.833003662109375000e+03
2.606575195312500000e+03
2.866536376953125000e+03
3.009231445312500000e+03
2.513660644531250000e+03
2.567702392578125000e+03
2.690850341796875000e+03
2.433687011718750000e+03
2.626789550781250000e+03
2.600729736328125000e+03
2.497420654296875000e+03
2.822150146484375000e+03
2.633456787109375000e+03
2.773492919921875000e+03
2.843892822265625000e+03
2.568659179687500000e+03
2.691774658203125000e+03
2.912664062500000000e+03
2.594329833984375000e+03
2.649379638671875000e+03
2.854238769531250000e+03
2.728461181640625000e+03
2.591627197265625000e+03
2.774897705078125000e+03
2.622183593750000000e+03
2.453936767578125000e+03
2.730927246093750000e+03
2.756833007812500000e+03
2.505038085937500000e+03
2.733082031250000000e+03
2.858662353515625000e+03
2.525213134765625000e+03
2.581732910156250000e+03
2.675035156250000000e+03
2.664149169921875000e+03
2.983231201171875000e+03
2.836645263671875000e+03
2.658832031250000000e+03
2.653638427734375000e+03
2.614578613281250000e+03
2.585319091796875000e+03
2.713034179687500000e+03
2.863157714843750000e+03
3.033099121093750000e+03
3.137828369140625000e+03
2.907203857421875000e+03
2.817168701171875000e+03
2.644524902343750000e+03
2.808878417968750000e+03
2.753062744140625000e+03
2.681440917968750000e+03
2.643589355468750000e+03
2.299297607421875000e+03
2.346350341796875000e+03
2.506359130859375000e+03
2.769989013671875000e+03
3.731019287109375000e+03
3.258085449218750000e+03
2.689718750000000000e+03
2.825588378906250000e+03
3.193435058593750000e+03
3.156860595703125000e+03
2.773186767578125000e+03
2.396203125000000000e+03
2.350654785156250000e+03
2.202987304687500000e+03
2.181877685546875000e+03
2.389654052734375000e+03
2.230886230468750000e+03
2.233851562500000000e+03
3.127894042968750000e+03
3.218140136718750000e+03
2.391225585937500000e+03
2.046434082031250000e+03
2.293986816406250000e+03
2.912239257812500000e+03
3.539199707031250000e+03
2.725885742187500000e+03
2.049328369140625000e+03
2.615564941406250000e+03
3.707876464843750000e+03
2.928194824218750000e+03
2.512671386718750000e+03
2.822839355468750000e+03
3.837615234375000000e+03
3.493617431640625000e+03
3.011582031250000000e+03
3.337913818359375000e+03
3.619015869140625000e+03
3.083697021484375000e+03
2.807037353515625000e+03
3.300392333984375000e+03
3.335061035156250000e+03
2.808380126953125000e+03
2.781787597656250000e+03
2.749716552734375000e+03
2.447645263671875000e+03
2.393475097656250000e+03
2.381632812500000000e+03
2.175235107421875000e+03
1.950186645507812500e+03
1.979746704101562500e+03
2.289919921875000000e+03
3.084936279296875000e+03
3.645918945312500000e+03
2.813276367187500000e+03
2.422840332031250000e+03
3.265122802734375000e+03
3.980271728515625000e+03
2.944838134765625000e+03
2.963398681640625000e+03
3.329646240234375000e+03
3.235700439453125000e+03
2.864854248046875000e+03
2.566113281250000000e+03
2.524411621093750000e+03
2.698513183593750000e+03
2.767970214843750000e+03
2.566020996093750000e+03
2.294350585937500000e+03
2.347619384765625000e+03
2.467314208984375000e+03
2.497983886718750000e+03
2.614212402343750000e+03
2.753798095703125000e+03
2.616599853515625000e+03
2.773275146484375000e+03
3.293799072265625000e+03
3.101292724609375000e+03
2.164907226562500000e+03
2.097757080078125000e+03
3.083183593750000000e+03
3.335461669921875000e+03
2.214130615234375000e+03
2.183574707031250000e+03
2.850901123046875000e+03
3.109591796875000000e+03
2.596630126953125000e+03
2.295905029296875000e+03
2.075365722656250000e+03
1.999268188476562500e+03
1.931283691406250000e+03
1.857465942382812500e+03
1.796585693359375000e+03
2.002388916015625000e+03
3.139401367187500000e+03
3.873208984375000000e+03
2.694749755859375000e+03
2.378356933593750000e+03
4.010120849609375000e+03
3.865506591796875000e+03
3.116868408203125000e+03
3.443974853515625000e+03
3.070439697265625000e+03
2.855056152343750000e+03
2.646739746093750000e+03
2.692150390625000000e+03
2.675724365234375000e+03
2.568506347656250000e+03
2.493834716796875000e+03
2.264200683593750000e+03
2.213991455078125000e+03
2.277230712890625000e+03
2.566677490234375000e+03
3.184334716796875000e+03
2.763935302734375000e+03
2.106637695312500000e+03
2.074057617187500000e+03
1.933179443359375000e+03
1.869496459960937500e+03
1.842104614257812500e+03
1.862070190429687500e+03
2.122499755859375000e+03
2.887899658203125000e+03
3.877731201171875000e+03
2.620189697265625000e+03
2.297868408203125000e+03
4.235628906250000000e+03
3.578133544921875000e+03
3.510359375000000000e+03
4.438610351562500000e+03
2.926685791015625000e+03
3.631585205078125000e+03
3.375280517578125000e+03
2.815423095703125000e+03
2.782233398437500000e+03
2.705917236328125000e+03
2.550047607421875000e+03
2.427975585937500000e+03
2.298409912109375000e+03
2.281527099609375000e+03
2.335303222656250000e+03
2.105298583984375000e+03
2.122344726562500000e+03
2.310235107421875000e+03
2.334224853515625000e+03
3.043088378906250000e+03
3.266709960937500000e+03
2.341198486328125000e+03
2.160840087890625000e+03
2.527468994140625000e+03
3.386304687500000000e+03
3.224110107421875000e+03
2.671288085937500000e+03
2.241141357421875000e+03
3.531864013671875000e+03
3.767420166015625000e+03
3.200497802734375000e+03
3.673530273437500000e+03
3.035360107421875000e+03
2.712712890625000000e+03
2.480357666015625000e+03
2.457291015625000000e+03
2.465268066406250000e+03
2.720121093750000000e+03
2.525773437500000000e+03
2.212725341796875000e+03
2.218589843750000000e+03
2.442406738281250000e+03
2.739438232421875000e+03
2.521108154296875000e+03
2.382825439453125000e+03
2.425010253906250000e+03
2.440320068359375000e+03
2.802593994140625000e+03
3.148438720703125000e+03
2.472197509765625000e+03
1.941760864257812500e+03
1.848777099609375000e+03
2.308654785156250000e+03
3.219311767578125000e+03
3.226708007812500000e+03
2.486858154296875000e+03
2.026888916015625000e+03
2.367474853515625000e+03
3.835824951171875000e+03
3.258093017578125000e+03
2.856573730468750000e+03
3.323517333984375000e+03
3.126489746093750000e+03
2.667756835937500000e+03
2.437120361328125000e+03
2.485314453125000000e+03
3.004847900390625000e+03
2.716729248046875000e+03
2.291596435546875000e+03
2.132431640625000000e+03
2.217274414062500000e+03
2.635687011718750000e+03
2.751487060546875000e+03
2.394196777343750000e+03
2.154380859375000000e+03
2.129611328125000000e+03
2.538125000000000000e+03
3.139430419921875000e+03
2.899897949218750000e+03
2.112811767578125000e+03
1.972055175781250000e+03
2.577354492187500000e+03
3.132627441406250000e+03
2.726671630859375000e+03
2.151726806640625000e+03
2.150474121093750000e+03
3.405050537109375000e+03
3.150466796875000000e+03
2.584626220703125000e+03
3.616825195312500000e+03
3.380704101562500000e+03
2.629383789062500000e+03
2.704175048828125000e+03
3.072392333984375000e+03
3.068095214843750000e+03
2.656739990234375000e+03
2.422499511718750000e+03
2.502694335937500000e+03
2.943569580078125000e+03
2.962041748046875000e+03
2.646768310546875000e+03
2.071527099609375000e+03
2.246290771484375000e+03
2.906482421875000000e+03
2.774620361328125000e+03
2.141657470703125000e+03
2.097495605468750000e+03
2.184786865234375000e+03
2.537221435546875000e+03
3.228384765625000000e+03
2.759223632812500000e+03
2.039259033203125000e+03
2.428192626953125000e+03
3.810451904296875000e+03
3.190906738281250000e+03
2.935393554687500000e+03
3.336424316406250000e+03
3.085042480468750000e+03
2.659241943359375000e+03
2.342743896484375000e+03
2.179455322265625000e+03
2.415736328125000000e+03
2.382323974609375000e+03
2.360265625000000000e+03
2.435545898437500000e+03
2.527979980468750000e+03
2.568980957031250000e+03
