4.822240234375000000e+04
4.747714453125000000e+04
4.156862500000000000e+04
3.371516796875000000e+04
3.480485156250000000e+04
3.282491796875000000e+04
2.702574609375000000e+04
2.585320703125000000e+04
2.664747851562500000e+04
2.381198242187500000e+04
2.105999414062500000e+04
2.175837890625000000e+04
2.135760937500000000e+04
1.875950781250000000e+04
1.817437890625000000e+04
1.861147656250000000e+04
1.703617187500000000e+04
1.565422656250000000e+04
1.635464843750000000e+04
1.519968261718750000e+04
1.399209960937500000e+04
1.414911425781250000e+04
1.346537988281250000e+04
1.251465527343750000e+04
1.271701464843750000e+04
1.203588281250000000e+04
1.141491015625000000e+04
1.157979785156250000e+04
1.074575390625000000e+04
1.058787402343750000e+04
1.046481542968750000e+04
9.785972656250000000e+03
9.912764648437500000e+03
9.346671875000000000e+03
9.280676757812500000e+03
9.018670898437500000e+03
8.738668945312500000e+03
8.612855468750000000e+03
8.219689453125000000e+03
8.187500976562500000e+03
7.852783203125000000e+03
7.762029296875000000e+03
7.475563476562500000e+03
7.449619140625000000e+03
7.142596679687500000e+03
6.995787597656250000e+03
6.830849609375000000e+03
6.701377441406250000e+03
6.585858886718750000e+03
6.394074707031250000e+03
6.322001464843750000e+03
6.177259277343750000e+03
6.018097656250000000e+03
5.897849609375000000e+03
5.770089843750000000e+03
5.699424316406250000e+03
5.560763671875000000e+03
5.442307617187500000e+03
5.363073730468750000e+03
5.308104492187500000e+03
5.212225585937500000e+03
5.090309570312500000e+03
4.983189941406250000e+03
4.874407226562500000e+03
4.792167480468750000e+03
4.740575195312500000e+03
4.649338378906250000e+03
4.592912109375000000e+03
4.498982910156250000e+03
4.450577148437500000e+03
4.521471191406250000e+03
5.081053222656250000e+03
6.215376953125000000e+03
5.554432617187500000e+03
4.337103515625000000e+03
4.127786132812500000e+03
4.854548339843750000e+03
5.494019042968750000e+03
4.556943847656250000e+03
3.857877685546875000e+03
4.080392822265625000e+03
4.730818847656250000e+03
4.686273925781250000e+03
3.982957519531250000e+03
3.653050292968750000e+03
3.797213867187500000e+03
4.318500000000000000e+03
4.488005371093750000e+03
3.923195068359375000e+03
3.512281982421875000e+03
3.479117919921875000e+03
3.912440917968750000e+03
4.325543457031250000e+03
4.005816894531250000e+03
3.538903808593750000e+03
3.261923095703125000e+03
3.243111572265625000e+03
3.333316894531250000e+03
3.644706298828125000e+03
4.104972656250000000e+03
4.039134033203125000e+03
3.513457519531250000e+03
3.208436767578125000e+03
3.026403564453125000e+03
2.999700195312500000e+03
3.023557617187500000e+03
3.148986083984375000e+03
3.635580322265625000e+03
4.250244140625000000e+03
3.978843994140625000e+03
3.259189453125000000e+03
2.932770996093750000e+03
2.811232910156250000e+03
2.768515136718750000e+03
2.826849121093750000e+03
3.145468017578125000e+03
4.014123046875000000e+03
4.120100585937500000e+03
3.282881347656250000e+03
2.766267578125000000e+03
2.649232910156250000e+03
2.619810546875000000e+03
2.727136718750000000e+03
3.162812500000000000e+03
4.040245361328125000e+03
3.907524414062500000e+03
3.008006103515625000e+03
2.593420410156250000e+03
2.500039306640625000e+03
2.520797607421875000e+03
2.730439941406250000e+03
3.407435546875000000e+03
4.174790527343750000e+03
3.266440185546875000e+03
2.610585449218750000e+03
2.440114501953125000e+03
2.352645019531250000e+03
2.401998535156250000e+03
2.550858642578125000e+03
3.257470214843750000e+03
4.065557617187500000e+03
3.188898193359375000e+03
2.512284912109375000e+03
2.302852050781250000e+03
2.249539550781250000e+03
2.284540527343750000e+03
2.418547119140625000e+03
3.110403808593750000e+03
4.183000000000000000e+03
3.035162841796875000e+03
2.369324462890625000e+03
2.187148437500000000e+03
2.163472900390625000e+03
2.214560302734375000e+03
2.540213378906250000e+03
3.654840087890625000e+03
3.815938720703125000e+03
2.638638916015625000e+03
2.189394775390625000e+03
2.102913330078125000e+03
2.094866943359375000e+03
2.159485595703125000e+03
2.607327880859375000e+03
3.874263183593750000e+03
3.422093261718750000e+03
2.386042968750000000e+03
2.066366699218750000e+03
2.018395263671875000e+03
2.024518188476562500e+03
2.173755126953125000e+03
2.916140869140625000e+03
4.144339843750000000e+03
2.722213623046875000e+03
2.071946044921875000e+03
1.939725097656250000e+03
2.108718505859375000e+03
2.939290527343750000e+03
4.031683837890625000e+03
2.544717041015625000e+03
2.022889282226562500e+03
1.900255737304687500e+03
1.879353637695312500e+03
1.917927856445312500e+03
2.197388671875000000e+03
3.313515625000000000e+03
3.734157226562500000e+03
2.375002197265625000e+03
1.941803588867187500e+03
1.833988647460937500e+03
1.828347412109375000e+03
1.806087158203125000e+03
1.782619262695312500e+03
1.799403808593750000e+03
1.779929931640625000e+03
1.767227294921875000e+03
1.773326782226562500e+03
1.765390502929687500e+03
1.907147216796875000e+03
2.887400146484375000e+03
4.382228027343750000e+03
2.162421630859375000e+03
1.734820800781250000e+03
2.084435546875000000e+03
3.995074707031250000e+03
3.214801269531250000e+03
2.042256713867187500e+03
1.780973022460937500e+03
1.774834350585937500e+03
2.129562744140625000e+03
3.506518066406250000e+03
3.379073486328125000e+03
2.117413330078125000e+03
1.771348388671875000e+03
1.730238159179687500e+03
1.956696533203125000e+03
3.119292236328125000e+03
3.647638427734375000e+03
2.142089111328125000e+03
1.732808959960937500e+03
1.645553222656250000e+03
1.664458007812500000e+03
1.882350097656250000e+03
3.102715576171875000e+03
3.594200439453125000e+03
2.103051269531250000e+03
1.664388549804687500e+03
1.583953125000000000e+03
1.614838623046875000e+03
1.914765747070312500e+03
3.337606933593750000e+03
3.261305419921875000e+03
2.015030029296875000e+03
1.667192626953125000e+03
1.655981323242187500e+03
1.940015380859375000e+03
3.215909179687500000e+03
3.247526123046875000e+03
2.012648559570312500e+03
1.678399291992187500e+03
1.602413940429687500e+03
1.752067260742187500e+03
2.692216552734375000e+03
3.601401855468750000e+03
2.011511352539062500e+03
1.605055541992187500e+03
1.540949584960937500e+03
1.945742187500000000e+03
3.566009765625000000e+03
2.609718994140625000e+03
1.813095214843750000e+03
1.602999145507812500e+03
1.545183105468750000e+03
1.779469116210937500e+03
2.962428222656250000e+03
3.199907714843750000e+03
1.938288452148437500e+03
1.566228759765625000e+03
1.590183837890625000e+03
2.407439208984375000e+03
3.728155273437500000e+03
1.896257446289062500e+03
1.646068725585937500e+03
2.651818359375000000e+03
3.604659423828125000e+03
1.772728637695312500e+03
1.500277587890625000e+03
2.244461425781250000e+03
3.775172851562500000e+03
1.829220336914062500e+03
1.574467651367187500e+03
2.940481689453125000e+03
3.341642333984375000e+03
1.748066284179687500e+03
1.764707763671875000e+03
3.516578857421875000e+03
2.460551269531250000e+03
1.687321166992187500e+03
1.746942749023437500e+03
3.181437011718750000e+03
2.686448730468750000e+03
1.782812377929687500e+03
2.252314453125000000e+03
3.676957763671875000e+03
1.970416992187500000e+03
2.214523193359375000e+03
3.494063232421875000e+03
1.869185180664062500e+03
1.613898559570312500e+03
2.242364501953125000e+03
3.127291503906250000e+03
2.070489013671875000e+03
1.625481323242187500e+03
2.725138183593750000e+03
3.168218750000000000e+03
2.069977539062500000e+03
2.411430664062500000e+03
3.243135498046875000e+03
2.082165527343750000e+03
2.146567871093750000e+03
2.893487548828125000e+03
2.114099121093750000e+03
1.782256103515625000e+03
1.558516723632812500e+03
1.770045654296875000e+03
2.778691406250000000e+03
2.241148925781250000e+03
1.572138916015625000e+03
2.149679443359375000e+03
3.486206054687500000e+03
1.990644653320312500e+03
2.779355224609375000e+03
3.176927490234375000e+03
1.613954223632812500e+03
1.981409423828125000e+03
3.285270263671875000e+03
1.824364990234375000e+03
1.458588989257812500e+03
1.974785522460937500e+03
3.112012695312500000e+03
1.944744873046875000e+03
1.474530395507812500e+03
2.250967285156250000e+03
3.271240722656250000e+03
1.797437500000000000e+03
2.084919189453125000e+03
3.548640869140625000e+03
1.689514770507812500e+03
2.339923095703125000e+03
3.519471435546875000e+03
1.419301269531250000e+03
2.796908691406250000e+03
3.285483154296875000e+03
1.481470214843750000e+03
3.446276367187500000e+03
2.321854980468750000e+03
1.463488891601562500e+03
2.030331665039062500e+03
3.338013916015625000e+03
1.607821777343750000e+03
1.966271850585937500e+03
3.463862060546875000e+03
1.454319824218750000e+03
2.010657836914062500e+03
3.558018066406250000e+03
1.315683227539062500e+03
2.851367431640625000e+03
3.150470458984375000e+03
1.356594970703125000e+03
3.287453613281250000e+03
2.280406494140625000e+03
1.314438476562500000e+03
1.771914062500000000e+03
3.304066406250000000e+03
1.478833740234375000e+03
1.526446777343750000e+03
3.152633300781250000e+03
1.737883544921875000e+03
1.307256958007812500e+03
1.543878662109375000e+03
2.678542968750000000e+03
2.170578857421875000e+03
1.402569946289062500e+03
1.386676757812500000e+03
2.527819335937500000e+03
2.365513916015625000e+03
1.462286376953125000e+03
1.515378173828125000e+03
2.893594482421875000e+03
2.059059326171875000e+03
1.576247802734375000e+03
2.456319580078125000e+03
2.567414062500000000e+03
1.813768798828125000e+03
1.813159423828125000e+03
2.629335205078125000e+03
2.168935058593750000e+03
1.839741821289062500e+03
2.046424682617187500e+03
2.188705810546875000e+03
2.075516357421875000e+03
1.696934326171875000e+03
1.852343872070312500e+03
2.716537353515625000e+03
2.072095703125000000e+03
1.996660400390625000e+03
2.452968994140625000e+03
1.951420654296875000e+03
1.710261474609375000e+03
1.589806884765625000e+03
1.973025268554687500e+03
2.579964599609375000e+03
1.855516113281250000e+03
1.910383789062500000e+03
2.683386230468750000e+03
1.942296875000000000e+03
1.676840820312500000e+03
1.952001464843750000e+03
2.319243896484375000e+03
2.015424072265625000e+03
1.599112060546875000e+03
1.960588623046875000e+03
2.776119873046875000e+03
1.826380859375000000e+03
1.877160400390625000e+03
2.596330078125000000e+03
1.890345703125000000e+03
1.577899902343750000e+03
1.480430297851562500e+03
1.973212768554687500e+03
2.587466308593750000e+03
1.757223022460937500e+03
1.775129150390625000e+03
2.698354003906250000e+03
1.922986572265625000e+03
1.633981079101562500e+03
2.011596313476562500e+03
2.242543945312500000e+03
1.889883300781250000e+03
1.494393798828125000e+03
1.779230834960937500e+03
2.789320556640625000e+03
1.865143066406250000e+03
1.892995605468750000e+03
2.633099121093750000e+03
1.807110595703125000e+03
1.527442871093750000e+03
1.659929321289062500e+03
2.304075439453125000e+03
2.098437988281250000e+03
1.554692138671875000e+03
1.767290771484375000e+03
2.756230957031250000e+03
1.863743286132812500e+03
1.800594848632812500e+03
2.521794189453125000e+03
1.882601196289062500e+03
1.546778930664062500e+03
1.553622192382812500e+03
2.194421386718750000e+03
2.237526123046875000e+03
1.629806762695312500e+03
1.832798095703125000e+03
2.739734130859375000e+03
1.845881591796875000e+03
1.886329833984375000e+03
2.454313476562500000e+03
1.735980590820312500e+03
1.486704589843750000e+03
1.364385864257812500e+03
1.797479370117187500e+03
2.580527832031250000e+03
1.714414428710937500e+03
1.721404663085937500e+03
2.759192138671875000e+03
1.786912475585937500e+03
1.621751464843750000e+03
2.154042480468750000e+03
2.103593261718750000e+03
1.750865356445312500e+03
1.414578613281250000e+03
1.643498413085937500e+03
2.788090087890625000e+03
1.823355102539062500e+03
1.888175292968750000e+03
2.631854248046875000e+03
1.643601440429687500e+03
1.422907104492187500e+03
1.564874023437500000e+03
2.245174804687500000e+03
2.085099853515625000e+03
1.491243774414062500e+03
1.722885131835937500e+03
2.838454589843750000e+03
1.719794555664062500e+03
1.889805664062500000e+03
2.603875732421875000e+03
1.560111938476562500e+03
1.340526611328125000e+03
1.544456420898437500e+03
2.275072753906250000e+03
2.006874389648437500e+03
1.366228271484375000e+03
1.729604614257812500e+03
2.989820312500000000e+03
1.667281738281250000e+03
2.229013183593750000e+03
2.494585693359375000e+03
1.418404541015625000e+03
1.378590209960937500e+03
2.007618774414062500e+03
2.346798339843750000e+03
1.606930786132812500e+03
1.330345947265625000e+03
2.273265625000000000e+03
2.398842529296875000e+03
1.679346679687500000e+03
1.917137573242187500e+03
2.319651611328125000e+03
1.920385620117187500e+03
1.662886840820312500e+03
1.963982910156250000e+03
2.283885498046875000e+03
1.848541503906250000e+03
1.655928710937500000e+03
2.120380615234375000e+03
2.300440429687500000e+03
1.705383911132812500e+03
1.756070678710937500e+03
2.183312500000000000e+03
1.981727905273437500e+03
1.599752929687500000e+03
1.724861938476562500e+03
2.310218750000000000e+03
1.928127441406250000e+03
1.694088500976562500e+03
2.164963623046875000e+03
2.047868774414062500e+03
1.656430297851562500e+03
1.593857910156250000e+03
2.059136718750000000e+03
2.264974365234375000e+03
1.649794189453125000e+03
1.963721557617187500e+03
2.331365234375000000e+03
1.743490722656250000e+03
1.509657104492187500e+03
2.013097534179687500e+03
2.381768554687500000e+03
1.691696655273437500e+03
1.736518554687500000e+03
2.215231201171875000e+03
1.957896362304687500e+03
1.579512207031250000e+03
1.562569580078125000e+03
2.278197509765625000e+03
2.059906250000000000e+03
1.703303710937500000e+03
2.097393554687500000e+03
2.034188964843750000e+03
1.706583374023437500e+03
1.496933593750000000e+03
1.828811889648437500e+03
2.493305664062500000e+03
1.733568603515625000e+03
1.973156494140625000e+03
2.181211669921875000e+03
1.615957763671875000e+03
1.413913330078125000e+03
1.246950927734375000e+03
1.862477172851562500e+03
2.418328857421875000e+03
1.613971191406250000e+03
2.014213989257812500e+03
2.493626464843750000e+03
1.502504394531250000e+03
1.644973388671875000e+03
2.278755126953125000e+03
1.739542602539062500e+03
1.443303344726562500e+03
1.163591918945312500e+03
1.170562011718750000e+03
2.149669189453125000e+03
2.004726196289062500e+03
1.261628051757812500e+03
1.736326660156250000e+03
2.978625732421875000e+03
1.640714355468750000e+03
2.597445312500000000e+03
1.702430053710937500e+03
1.123899780273437500e+03
1.167538818359375000e+03
1.140950439453125000e+03
1.590190917968750000e+03
2.407072265625000000e+03
1.503299804687500000e+03
1.304691772460937500e+03
2.568905029296875000e+03
1.826860107421875000e+03
1.426321899414062500e+03
1.707596679687500000e+03
2.349058349609375000e+03
1.732451904296875000e+03
1.502107299804687500e+03
2.020399291992187500e+03
2.245650634765625000e+03
1.578621826171875000e+03
1.464868652343750000e+03
2.098326171875000000e+03
2.212991943359375000e+03
1.531829833984375000e+03
1.578662475585937500e+03
2.214032226562500000e+03
1.845218017578125000e+03
1.450819213867187500e+03
1.337477050781250000e+03
2.072123046875000000e+03
2.226543212890625000e+03
1.601884887695312500e+03
1.881982055664062500e+03
2.055112792968750000e+03
1.679337890625000000e+03
1.427453369140625000e+03
1.311633178710937500e+03
2.083975341796875000e+03
2.191283447265625000e+03
1.629000732421875000e+03
1.997275268554687500e+03
1.921648193359375000e+03
1.592104370117187500e+03
1.382928710937500000e+03
1.145276245117187500e+03
1.701609375000000000e+03
2.469195068359375000e+03
1.618663696289062500e+03
1.976495117187500000e+03
2.240087158203125000e+03
1.421604003906250000e+03
1.307768066406250000e+03
1.434828979492187500e+03
2.155973388671875000e+03
1.886217529296875000e+03
1.397189575195312500e+03
1.754052612304687500e+03
2.520863769531250000e+03
1.463153320312500000e+03
1.654759277343750000e+03
2.347874511718750000e+03
1.447005249023437500e+03
1.201986083984375000e+03
1.065945434570312500e+03
1.240742675781250000e+03
2.165224365234375000e+03
1.769400146484375000e+03
1.140337402343750000e+03
1.499193237304687500e+03
2.842036376953125000e+03
1.492421875000000000e+03
2.131206298828125000e+03
2.228170166015625000e+03
1.208097412109375000e+03
1.114730834960937500e+03
1.386824707031250000e+03
2.309736816406250000e+03
1.650298828125000000e+03
1.150542724609375000e+03
1.370021484375000000e+03
2.748282226562500000e+03
1.435651367187500000e+03
1.650038208007812500e+03
2.700464599609375000e+03
1.169363037109375000e+03
1.461036376953125000e+03
2.620634277343750000e+03
1.168555419921875000e+03
1.078170410156250000e+03
2.131370361328125000e+03
2.083071777343750000e+03
1.200941284179687500e+03
1.032543457031250000e+03
1.883936279296875000e+03
2.455982177734375000e+03
1.288703735351562500e+03
1.693392822265625000e+03
2.702375000000000000e+03
1.164008300781250000e+03
1.734028442382812500e+03
2.801675048828125000e+03
1.004440124511718750e+03
2.422630371093750000e+03
2.293272460937500000e+03
1.079718139648437500e+03
2.138425292968750000e+03
2.506233398437500000e+03
1.059557983398437500e+03
2.053409423828125000e+03
2.640363281250000000e+03
9.782648315429687500e+02
2.446595458984375000e+03
2.142953369140625000e+03
9.809132080078125000e+02
1.432567016601562500e+03
2.940879150390625000e+03
9.703984375000000000e+02
2.503665771484375000e+03
2.103908691406250000e+03
9.485858764648437500e+02
1.289452880859375000e+03
2.850042480468750000e+03
9.934384765625000000e+02
1.564020263671875000e+03
3.223449707031250000e+03
1.071653320312500000e+03
4.673645507812500000e+03
2.597590332031250000e+03
5.961679199218750000e+03
6.812144042968750000e+03
1.182516967773437500e+03
8.070062988281250000e+03
9.249105468750000000e+03
3.559596191406250000e+03
8.218268554687500000e+03
1.208679199218750000e+04
8.923770507812500000e+03
1.220012451171875000e+03
7.111958984375000000e+03
6.479261718750000000e+03
1.180903076171875000e+03
4.490117675781250000e+03
1.615115112304687500e+03
6.196595214843750000e+03
6.593786132812500000e+03
1.111176025390625000e+03
6.956694824218750000e+03
7.234003417968750000e+03
1.368852905273437500e+03
8.438345703125000000e+03
1.063072753906250000e+04
6.252380371093750000e+03
3.978271972656250000e+03
6.908510742187500000e+03
3.311818847656250000e+03
5.990039062500000000e+03
8.135261718750000000e+03
3.899044677734375000e+03
5.926125000000000000e+03
8.638033203125000000e+03
4.995369140625000000e+03
4.301911132812500000e+03
6.713819824218750000e+03
3.005695556640625000e+03
5.673870605468750000e+03
7.432166503906250000e+03
3.191405761718750000e+03
6.054506347656250000e+03
8.394372070312500000e+03
4.626031738281250000e+03
4.538379394531250000e+03
6.989865234375000000e+03
3.458398193359375000e+03
5.177950683593750000e+03
7.154924804687500000e+03
3.314618164062500000e+03
5.474870117187500000e+03
7.617594726562500000e+03
3.922899902343750000e+03
4.850295898437500000e+03
7.134558593750000000e+03
3.611279052734375000e+03
4.850388183593750000e+03
6.874428222656250000e+03
3.264072509765625000e+03
5.074695312500000000e+03
6.967249023437500000e+03
3.281364013671875000e+03
5.114297851562500000e+03
7.135646484375000000e+03
3.561506103515625000e+03
4.792612304687500000e+03
6.923186523437500000e+03
3.471423828125000000e+03
4.682764648437500000e+03
6.660538085937500000e+03
3.177617431640625000e+03
4.824273925781250000e+03
6.635253906250000000e+03
3.058869628906250000e+03
4.976361816406250000e+03
6.824245117187500000e+03
3.303147705078125000e+03
4.751492675781250000e+03
6.752974121093750000e+03
3.370750732421875000e+03
4.597982421875000000e+03
6.551911132812500000e+03
3.214607421875000000e+03
4.598183593750000000e+03
6.417163085937500000e+03
3.028302978515625000e+03
4.711263183593750000e+03
6.486879882812500000e+03
3.060240234375000000e+03
4.657376464843750000e+03
6.454447753906250000e+03
3.084025390625000000e+03
4.600841308593750000e+03
6.444559570312500000e+03
3.145263916015625000e+03
4.486066406250000000e+03
6.317875488281250000e+03
3.040510009765625000e+03
4.468270996093750000e+03
6.215452636718750000e+03
2.951436279296875000e+03
4.534858398437500000e+03
6.231014160156250000e+03
2.928346679687500000e+03
4.517946777343750000e+03
6.238089355468750000e+03
2.980282714843750000e+03
4.434510742187500000e+03
6.185427246093750000e+03
2.977410888671875000e+03
4.367546875000000000e+03
6.083764160156250000e+03
2.896538085937500000e+03
4.368578613281250000e+03
6.045166992187500000e+03
2.830848388671875000e+03
4.370163085937500000e+03
5.998550781250000000e+03
2.802422119140625000e+03
4.375163085937500000e+03
6.001882812500000000e+03
2.797646484375000000e+03
4.327938476562500000e+03
5.957331054687500000e+03
2.799138916015625000e+03
4.299690917968750000e+03
5.934624511718750000e+03
2.786528076171875000e+03
4.292421875000000000e+03
5.905232421875000000e+03
2.808441406250000000e+03
4.200763183593750000e+03
5.823429199218750000e+03
2.731729736328125000e+03
4.220581054687500000e+03
5.760346679687500000e+03
2.677786132812500000e+03
4.236562988281250000e+03
5.762509277343750000e+03
2.673692626953125000e+03
4.204356445312500000e+03
5.732242675781250000e+03
2.672320312500000000e+03
4.202138183593750000e+03
5.753397949218750000e+03
2.714446533203125000e+03
4.134159179687500000e+03
5.719902343750000000e+03
2.738088134765625000e+03
4.063670166015625000e+03
5.591928710937500000e+03
2.594276367187500000e+03
4.102973144531250000e+03
5.574996093750000000e+03
2.570643066406250000e+03
4.139046875000000000e+03
5.614322265625000000e+03
2.621939941406250000e+03
4.080149658203125000e+03
5.586396484375000000e+03
2.617253906250000000e+03
4.023030517578125000e+03
5.525592285156250000e+03
2.564367431640625000e+03
4.038470703125000000e+03
5.491787109375000000e+03
2.553488037109375000e+03
4.017381103515625000e+03
5.465243164062500000e+03
2.500412353515625000e+03
3.997434570312500000e+03
5.417567382812500000e+03
2.468771240234375000e+03
4.002048339843750000e+03
5.380026855468750000e+03
2.427481445312500000e+03
4.023223388671875000e+03
5.405677734375000000e+03
2.490912597656250000e+03
3.964715332031250000e+03
5.397603027343750000e+03
2.510740234375000000e+03
3.951563232421875000e+03
5.376128906250000000e+03
2.530711669921875000e+03
3.892456542968750000e+03
5.313407714843750000e+03
2.465224609375000000e+03
3.882639160156250000e+03
5.282448242187500000e+03
2.453145263671875000e+03
3.856403076171875000e+03
5.201224121093750000e+03
2.350573974609375000e+03
3.887353271484375000e+03
5.181583007812500000e+03
2.315255126953125000e+03
3.875009765625000000e+03
5.153069335937500000e+03
2.267421630859375000e+03
3.961543457031250000e+03
5.244673339843750000e+03
2.375914062500000000e+03
3.881738037109375000e+03
5.236173828125000000e+03
2.424762695312500000e+03
3.816543457031250000e+03
5.238638183593750000e+03
2.498264404296875000e+03
3.676487792968750000e+03
5.052827636718750000e+03
2.329672363281250000e+03
3.699435058593750000e+03
4.965638671875000000e+03
2.186592773437500000e+03
3.767314697265625000e+03
4.920148437500000000e+03
2.066369140625000000e+03
3.910604980468750000e+03
4.999303222656250000e+03
2.114408935546875000e+03
3.923137207031250000e+03
5.143332519531250000e+03
2.290986816406250000e+03
3.848944824218750000e+03
5.181462890625000000e+03
2.459624755859375000e+03
3.659132568359375000e+03
5.043106445312500000e+03
2.394334228515625000e+03
3.592525146484375000e+03
4.897855957031250000e+03
2.219642578125000000e+03
3.672053710937500000e+03
4.860960449218750000e+03
2.107476562500000000e+03
3.759938720703125000e+03
4.901030761718750000e+03
2.130447753906250000e+03
3.775279785156250000e+03
4.964579101562500000e+03
2.202012451171875000e+03
3.723149658203125000e+03
4.962331054687500000e+03
2.263600585937500000e+03
3.640870361328125000e+03
4.911915527343750000e+03
2.248274658203125000e+03
3.636804199218750000e+03
4.882866699218750000e+03
2.224778564453125000e+03
3.625299804687500000e+03
4.851747558593750000e+03
2.180053955078125000e+03
3.627299804687500000e+03
4.804324707031250000e+03
2.147488769531250000e+03
3.634130371093750000e+03
4.787146972656250000e+03
2.096534179687500000e+03
3.634506835937500000e+03
4.779136718750000000e+03
2.106669189453125000e+03
3.630448974609375000e+03
4.764615722656250000e+03
2.084200439453125000e+03
3.641951416015625000e+03
4.789012207031250000e+03
2.124520507812500000e+03
3.607477539062500000e+03
4.791888671875000000e+03
2.138511230468750000e+03
3.568098876953125000e+03
4.752146972656250000e+03
2.148346679687500000e+03
3.524781494140625000e+03
4.704493652343750000e+03
2.093929199218750000e+03
3.527670654296875000e+03
4.665131347656250000e+03
2.052916503906250000e+03
3.566520507812500000e+03
4.675644531250000000e+03
2.052227294921875000e+03
3.569427978515625000e+03
4.690520019531250000e+03
2.069988281250000000e+03
3.531155761718750000e+03
4.653971679687500000e+03
2.050465332031250000e+03
3.512678710937500000e+03
4.601760253906250000e+03
2.027725463867187500e+03
3.498343994140625000e+03
4.587250488281250000e+03
1.983785888671875000e+03
3.546188964843750000e+03
4.622862304687500000e+03
2.037827026367187500e+03
3.509370849609375000e+03
4.625090332031250000e+03
2.037218139648437500e+03
3.470149414062500000e+03
4.570024414062500000e+03
2.023114379882812500e+03
3.444041259765625000e+03
4.530223144531250000e+03
1.981450805664062500e+03
