4.822240234375000000e+04
4.747714453125000000e+04
4.156862500000000000e+04
3.371516796875000000e+04
3.480485156250000000e+04
3.282491796875000000e+04
2.702574609375000000e+04
2.585320703125000000e+04
2.664747851562500000e+04
2.381198242187500000e+04
2.105999414062500000e+04
2.175837890625000000e+04
2.135760937500000000e+04
1.875950781250000000e+04
1.817437890625000000e+04
1.861147656250000000e+04
1.703617187500000000e+04
1.565422656250000000e+04
1.635464843750000000e+04
1.519968261718750000e+04
1.399209960937500000e+04
1.414911425781250000e+04
1.346537988281250000e+04
1.251465527343750000e+04
1.271701464843750000e+04
1.203588281250000000e+04
1.141491015625000000e+04
1.157979785156250000e+04
1.074575390625000000e+04
1.058787402343750000e+04
1.046481542968750000e+04
9.785972656250000000e+03
9.912764648437500000e+03
9.346671875000000000e+03
9.280676757812500000e+03
9.018670898437500000e+03
8.738668945312500000e+03
8.612855468750000000e+03
8.219689453125000000e+03
8.187500976562500000e+03
7.852783203125000000e+03
7.762029296875000000e+03
7.475563476562500000e+03
7.449619140625000000e+03
7.142596679687500000e+03
6.995787597656250000e+03
6.830849609375000000e+03
6.701377441406250000e+03
6.585858886718750000e+03
6.394074707031250000e+03
6.322001464843750000e+03
6.177259277343750000e+03
6.018097656250000000e+03
5.897849609375000000e+03
5.770089843750000000e+03
5.699424316406250000e+03
5.560763671875000000e+03
5.442307617187500000e+03
5.363073730468750000e+03
5.308104492187500000e+03
5.212225585937500000e+03
5.090309570312500000e+03
4.983189941406250000e+03
4.874407226562500000e+03
4.792167480468750000e+03
4.740575195312500000e+03
4.649338378906250000e+03
4.592912109375000000e+03
4.498982910156250000e+03
4.450577148437500000e+03
4.521471191406250000e+03
5.081053222656250000e+03
6.215376953125000000e+03
5.554432617187500000e+03
4.337103515625000000e+03
4.127786132812500000e+03
4.854548339843750000e+03
5.494019042968750000e+03
4.556943847656250000e+03
3.857877685546875000e+03
4.080392822265625000e+03
4.730818847656250000e+03
4.686273925781250000e+03
3.982957519531250000e+03
3.653050292968750000e+03
3.797213867187500000e+03
4.318500000000000000e+03
4.488005371093750000e+03
3.923195068359375000e+03
3.512281982421875000e+03
3.479117919921875000e+03
3.912440917968750000e+03
4.325543457031250000e+03
4.005816894531250000e+03
3.538903808593750000e+03
3.261923095703125000e+03
3.243111572265625000e+03
3.333316894531250000e+03
3.644706298828125000e+03
4.104972656250000000e+03
4.039134033203125000e+03
3.513457519531250000e+03
3.208436767578125000e+03
3.026403564453125000e+03
2.999700195312500000e+03
3.023557617187500000e+03
3.148986083984375000e+03
3.635580322265625000e+03
4.250244140625000000e+03
3.978843994140625000e+03
3.259189453125000000e+03
2.932770996093750000e+03
2.811232910156250000e+03
2.768515136718750000e+03
2.826849121093750000e+03
3.145468017578125000e+03
4.014123046875000000e+03
4.120100585937500000e+03
3.282881347656250000e+03
2.766267578125000000e+03
2.649232910156250000e+03
2.619810546875000000e+03
2.727136718750000000e+03
3.162812500000000000e+03
4.040245361328125000e+03
3.907524414062500000e+03
3.008006103515625000e+03
2.593420410156250000e+03
2.500039306640625000e+03
2.520797607421875000e+03
2.730439941406250000e+03
3.407435546875000000e+03
4.174790527343750000e+03
3.266440185546875000e+03
2.610585449218750000e+03
2.440114501953125000e+03
2.352645019531250000e+03
2.401998535156250000e+03
2.550858642578125000e+03
3.257470214843750000e+03
4.065557617187500000e+03
3.188898193359375000e+03
2.512284912109375000e+03
2.302852050781250000e+03
2.249539550781250000e+03
2.284540527343750000e+03
2.418547119140625000e+03
3.110403808593750000e+03
4.183000000000000000e+03
3.035162841796875000e+03
2.369324462890625000e+03
2.187148437500000000e+03
2.163472900390625000e+03
2.214560302734375000e+03
2.540213378906250000e+03
3.654840087890625000e+03
3.815938720703125000e+03
2.638638916015625000e+03
2.189394775390625000e+03
2.102913330078125000e+03
2.094866943359375000e+03
2.159485595703125000e+03
2.607327880859375000e+03
3.874263183593750000e+03
3.422093261718750000e+03
2.386042968750000000e+03
2.066366699218750000e+03
2.018395263671875000e+03
2.024518188476562500e+03
2.173755126953125000e+03
2.916140869140625000e+03
4.144339843750000000e+03
2.722213623046875000e+03
2.071946044921875000e+03
1.939725097656250000e+03
2.108718505859375000e+03
2.939290527343750000e+03
4.031683837890625000e+03
2.544717041015625000e+03
2.022889282226562500e+03
1.900255737304687500e+03
1.879353637695312500e+03
1.917927856445312500e+03
2.197388671875000000e+03
3.313515625000000000e+03
3.734157226562500000e+03
2.375002197265625000e+03
1.941803588867187500e+03
1.833988647460937500e+03
1.828347412109375000e+03
1.806087158203125000e+03
1.782619262695312500e+03
1.799403808593750000e+03
1.779929931640625000e+03
1.767227294921875000e+03
1.773326782226562500e+03
1.765390502929687500e+03
1.907147216796875000e+03
2.887400146484375000e+03
4.382228027343750000e+03
2.162421630859375000e+03
1.734820800781250000e+03
2.084435546875000000e+03
3.995074707031250000e+03
3.214801269531250000e+03
2.042256713867187500e+03
1.780973022460937500e+03
1.774834350585937500e+03
2.129562744140625000e+03
3.506518066406250000e+03
3.379073486328125000e+03
2.117413330078125000e+03
1.771348388671875000e+03
1.730238159179687500e+03
1.956696533203125000e+03
3.119292236328125000e+03
3.647638427734375000e+03
2.142089111328125000e+03
1.732808959960937500e+03
1.645553222656250000e+03
1.664458007812500000e+03
1.882350097656250000e+03
3.102715576171875000e+03
3.594200439453125000e+03
2.103051269531250000e+03
1.664388549804687500e+03
1.583953125000000000e+03
1.614838623046875000e+03
1.914765747070312500e+03
3.337606933593750000e+03
3.261305419921875000e+03
2.015030029296875000e+03
1.667192626953125000e+03
1.655981323242187500e+03
1.940015380859375000e+03
3.215909179687500000e+03
3.247526123046875000e+03
2.012648559570312500e+03
1.678399291992187500e+03
1.602413940429687500e+03
1.752067260742187500e+03
2.692216552734375000e+03
3.601401855468750000e+03
2.011511352539062500e+03
1.605055541992187500e+03
1.540949584960937500e+03
1.945742187500000000e+03
3.566009765625000000e+03
2.609718994140625000e+03
1.813095214843750000e+03
1.602999145507812500e+03
1.545183105468750000e+03
1.779469116210937500e+03
2.962428222656250000e+03
3.199907714843750000e+03
1.938288452148437500e+03
1.566228759765625000e+03
1.590183837890625000e+03
2.407439208984375000e+03
3.728155273437500000e+03
1.896257446289062500e+03
1.646068725585937500e+03
2.651818359375000000e+03
3.604659423828125000e+03
1.772728637695312500e+03
1.500277587890625000e+03
2.244461425781250000e+03
3.775172851562500000e+03
1.829220336914062500e+03
1.574467651367187500e+03
2.940481689453125000e+03
3.341642333984375000e+03
1.748066284179687500e+03
1.764707763671875000e+03
3.516578857421875000e+03
2.460551269531250000e+03
1.687321166992187500e+03
1.746942749023437500e+03
3.181437011718750000e+03
2.686448730468750000e+03
1.782812377929687500e+03
2.252314453125000000e+03
3.676957763671875000e+03
1.970416992187500000e+03
2.214523193359375000e+03
3.494063232421875000e+03
1.869185180664062500e+03
1.613898559570312500e+03
2.242364501953125000e+03
3.127291503906250000e+03
2.070489013671875000e+03
1.625481323242187500e+03
2.725138183593750000e+03
3.168218750000000000e+03
2.069977539062500000e+03
2.411430664062500000e+03
3.243135498046875000e+03
2.082165527343750000e+03
2.146567871093750000e+03
2.893487548828125000e+03
2.114099121093750000e+03
1.782256103515625000e+03
1.558516723632812500e+03
1.770045654296875000e+03
2.778691406250000000e+03
2.241148925781250000e+03
1.572138916015625000e+03
2.149679443359375000e+03
3.486206054687500000e+03
1.990644653320312500e+03
2.779355224609375000e+03
3.176927490234375000e+03
1.613954223632812500e+03
1.981409423828125000e+03
3.285270263671875000e+03
1.824364990234375000e+03
1.458588989257812500e+03
1.974785522460937500e+03
3.112012695312500000e+03
1.944744873046875000e+03
1.474530395507812500e+03
2.250967285156250000e+03
3.271240722656250000e+03
1.797437500000000000e+03
2.084919189453125000e+03
3.548640869140625000e+03
1.689514770507812500e+03
2.339923095703125000e+03
3.519471435546875000e+03
1.419301269531250000e+03
2.796908691406250000e+03
3.285483154296875000e+03
1.481470214843750000e+03
3.446276367187500000e+03
2.321854980468750000e+03
1.463488891601562500e+03
2.030331665039062500e+03
3.338013916015625000e+03
1.607821777343750000e+03
1.966271850585937500e+03
3.463862060546875000e+03
1.454319824218750000e+03
2.010657836914062500e+03
3.558018066406250000e+03
1.315683227539062500e+03
2.851367431640625000e+03
3.150470458984375000e+03
1.356594970703125000e+03
3.287453613281250000e+03
2.280406494140625000e+03
1.314438476562500000e+03
1.771914062500000000e+03
3.304066406250000000e+03
1.478833740234375000e+03
1.526446777343750000e+03
3.152633300781250000e+03
1.737883544921875000e+03
1.307256958007812500e+03
1.543878662109375000e+03
2.678542968750000000e+03
2.170578857421875000e+03
1.402569946289062500e+03
1.386676757812500000e+03
2.527819335937500000e+03
2.365513916015625000e+03
1.462286376953125000e+03
1.515378173828125000e+03
2.893594482421875000e+03
2.059059326171875000e+03
1.576247802734375000e+03
2.456319580078125000e+03
2.567414062500000000e+03
1.813768798828125000e+03
1.813159423828125000e+03
2.629335205078125000e+03
2.168935058593750000e+03
1.839741821289062500e+03
2.046424682617187500e+03
2.188705810546875000e+03
2.075516357421875000e+03
1.696934326171875000e+03
1.852343872070312500e+03
2.716537353515625000e+03
2.072095703125000000e+03
1.996660400390625000e+03
2.452968994140625000e+03
1.951420654296875000e+03
1.710261474609375000e+03
1.589806884765625000e+03
1.973025268554687500e+03
2.579964599609375000e+03
1.855516113281250000e+03
1.910383789062500000e+03
2.683386230468750000e+03
1.942296875000000000e+03
1.676840820312500000e+03
1.952001464843750000e+03
2.319243896484375000e+03
2.015424072265625000e+03
1.599112060546875000e+03
1.960588623046875000e+03
2.776119873046875000e+03
1.826380859375000000e+03
1.877160400390625000e+03
2.596330078125000000e+03
1.890345703125000000e+03
1.577899902343750000e+03
1.480430297851562500e+03
1.973212768554687500e+03
2.587466308593750000e+03
1.757223022460937500e+03
1.775129150390625000e+03
2.698354003906250000e+03
1.922986572265625000e+03
1.633981079101562500e+03
2.011596313476562500e+03
2.242543945312500000e+03
1.889883300781250000e+03
1.494393798828125000e+03
1.779230834960937500e+03
2.789320556640625000e+03
1.865143066406250000e+03
1.892995605468750000e+03
2.633099121093750000e+03
1.807110595703125000e+03
1.527442871093750000e+03
1.659929321289062500e+03
2.304075439453125000e+03
2.098437988281250000e+03
1.554692138671875000e+03
1.767290771484375000e+03
2.756230957031250000e+03
1.863743286132812500e+03
1.800594848632812500e+03
2.521794189453125000e+03
1.882601196289062500e+03
1.546778930664062500e+03
1.553622192382812500e+03
2.194421386718750000e+03
2.237526123046875000e+03
1.629806762695312500e+03
1.832798095703125000e+03
2.739734130859375000e+03
1.845881591796875000e+03
1.886329833984375000e+03
2.454313476562500000e+03
1.735980590820312500e+03
1.486704589843750000e+03
1.364385864257812500e+03
1.797479370117187500e+03
2.580527832031250000e+03
1.714414428710937500e+03
1.721404663085937500e+03
2.759192138671875000e+03
1.786912475585937500e+03
1.621751464843750000e+03
2.154042480468750000e+03
2.103593261718750000e+03
1.750865356445312500e+03
1.414578613281250000e+03
1.643498413085937500e+03
2.788090087890625000e+03
1.823355102539062500e+03
1.888175292968750000e+03
2.631854248046875000e+03
1.643601440429687500e+03
1.422907104492187500e+03
1.564874023437500000e+03
2.245174804687500000e+03
2.085099853515625000e+03
1.491243774414062500e+03
1.722885131835937500e+03
2.838454589843750000e+03
1.719794555664062500e+03
1.889805664062500000e+03
2.603875732421875000e+03
1.560111938476562500e+03
1.340526611328125000e+03
1.544456420898437500e+03
2.275072753906250000e+03
2.006874389648437500e+03
1.366228271484375000e+03
1.729604614257812500e+03
2.989820312500000000e+03
1.667281738281250000e+03
2.229013183593750000e+03
2.494585693359375000e+03
1.418404541015625000e+03
1.378590209960937500e+03
2.007618774414062500e+03
2.346798339843750000e+03
1.606930786132812500e+03
1.330345947265625000e+03
2.273265625000000000e+03
2.398842529296875000e+03
1.679346679687500000e+03
1.917137573242187500e+03
2.319651611328125000e+03
1.920385620117187500e+03
1.662886840820312500e+03
1.963982910156250000e+03
2.283885498046875000e+03
1.848541503906250000e+03
1.655928710937500000e+03
2.120380615234375000e+03
2.300440429687500000e+03
1.705383911132812500e+03
1.756070678710937500e+03
2.183312500000000000e+03
1.981727905273437500e+03
1.599752929687500000e+03
1.724861938476562500e+03
2.310218750000000000e+03
1.928127441406250000e+03
1.694088500976562500e+03
2.164963623046875000e+03
2.047868774414062500e+03
1.656430297851562500e+03
1.593857910156250000e+03
2.059136718750000000e+03
2.264974365234375000e+03
1.649794189453125000e+03
1.963721557617187500e+03
2.331365234375000000e+03
1.743490722656250000e+03
1.509657104492187500e+03
2.013097534179687500e+03
2.381768554687500000e+03
1.691696655273437500e+03
1.736518554687500000e+03
2.215231201171875000e+03
1.957896362304687500e+03
1.579512207031250000e+03
1.562569580078125000e+03
2.278197509765625000e+03
2.059906250000000000e+03
1.703303710937500000e+03
2.097393554687500000e+03
2.034188964843750000e+03
1.706583374023437500e+03
1.496933593750000000e+03
1.828811889648437500e+03
2.493305664062500000e+03
1.733568603515625000e+03
1.973156494140625000e+03
2.181211669921875000e+03
1.615957763671875000e+03
1.413913330078125000e+03
1.246950927734375000e+03
1.862477172851562500e+03
2.418328857421875000e+03
1.613971191406250000e+03
2.014213989257812500e+03
2.493626464843750000e+03
1.502504394531250000e+03
1.644973388671875000e+03
2.278755126953125000e+03
1.739542602539062500e+03
1.443303344726562500e+03
1.163591918945312500e+03
1.170562011718750000e+03
2.149669189453125000e+03
2.004726196289062500e+03
1.261628051757812500e+03
1.736326660156250000e+03
2.978625732421875000e+03
1.640714355468750000e+03
2.597445312500000000e+03
1.702430053710937500e+03
1.123899780273437500e+03
1.167538818359375000e+03
1.140950439453125000e+03
1.590190917968750000e+03
2.407072265625000000e+03
1.503299804687500000e+03
1.304691772460937500e+03
2.568905029296875000e+03
1.826860107421875000e+03
1.426321899414062500e+03
1.707596679687500000e+03
2.349058349609375000e+03
1.732451904296875000e+03
1.502107299804687500e+03
2.020399291992187500e+03
2.245650634765625000e+03
1.578621826171875000e+03
1.464868652343750000e+03
2.098326171875000000e+03
2.212991943359375000e+03
1.531829833984375000e+03
1.578662475585937500e+03
2.214032226562500000e+03
1.845218017578125000e+03
1.450819213867187500e+03
1.337477050781250000e+03
2.072123046875000000e+03
2.226543212890625000e+03
1.601884887695312500e+03
1.881982055664062500e+03
2.055112792968750000e+03
1.679337890625000000e+03
1.427453369140625000e+03
1.311633178710937500e+03
2.083975341796875000e+03
2.191283447265625000e+03
1.629000732421875000e+03
1.997275268554687500e+03
1.921648193359375000e+03
1.592104370117187500e+03
1.382928710937500000e+03
1.145276245117187500e+03
1.701609375000000000e+03
2.469195068359375000e+03
1.618663696289062500e+03
1.976495117187500000e+03
2.240087158203125000e+03
1.421604003906250000e+03
1.307768066406250000e+03
1.434828979492187500e+03
2.155973388671875000e+03
1.886217529296875000e+03
1.397189575195312500e+03
1.754052612304687500e+03
2.520863769531250000e+03
1.463153320312500000e+03
1.654759277343750000e+03
2.347874511718750000e+03
1.447005249023437500e+03
1.201986083984375000e+03
1.065945434570312500e+03
1.240742675781250000e+03
2.165224365234375000e+03
1.769400146484375000e+03
1.140337402343750000e+03
1.499193237304687500e+03
2.842036376953125000e+03
1.492421875000000000e+03
2.131206298828125000e+03
2.228170166015625000e+03
1.208097412109375000e+03
1.114730834960937500e+03
1.386824707031250000e+03
2.309736816406250000e+03
1.650298828125000000e+03
1.150542724609375000e+03
1.370021484375000000e+03
2.748282226562500000e+03
1.435651367187500000e+03
1.650038208007812500e+03
2.700464599609375000e+03
1.169363037109375000e+03
1.461036376953125000e+03
2.620634277343750000e+03
1.168555419921875000e+03
1.078170410156250000e+03
2.131370361328125000e+03
2.083071777343750000e+03
1.200941284179687500e+03
1.032543457031250000e+03
1.883936279296875000e+03
2.455982177734375000e+03
1.288703735351562500e+03
1.693392822265625000e+03
2.702375000000000000e+03
1.164008300781250000e+03
1.734028442382812500e+03
2.801675048828125000e+03
1.004440124511718750e+03
2.422630371093750000e+03
2.293272460937500000e+03
1.079718139648437500e+03
2.138425292968750000e+03
2.506233398437500000e+03
1.059557983398437500e+03
2.053409423828125000e+03
2.640363281250000000e+03
9.782648315429687500e+02
2.446595458984375000e+03
2.142953369140625000e+03
9.809132080078125000e+02
1.432567016601562500e+03
2.940879150390625000e+03
9.703984375000000000e+02
2.503665771484375000e+03
2.103908691406250000e+03
9.485858764648437500e+02
1.289452880859375000e+03
2.850042480468750000e+03
9.934384765625000000e+02
1.564020263671875000e+03
3.223449707031250000e+03
1.071653320312500000e+03
4.673645507812500000e+03
2.597590332031250000e+03
5.961679199218750000e+03
6.812144042968750000e+03
1.182516967773437500e+03
8.070062988281250000e+03
9.249105468750000000e+03
3.559596191406250000e+03
8.218268554687500000e+03
1.208679199218750000e+04
8.923770507812500000e+03
1.220012451171875000e+03
7.111958984375000000e+03
6.479261718750000000e+03
1.180903076171875000e+03
4.490117675781250000e+03
1.615115112304687500e+03
6.196595214843750000e+03
6.593786132812500000e+03
1.111176025390625000e+03
6.956694824218750000e+03
7.234003417968750000e+03
1.368852905273437500e+03
8.438345703125000000e+03
1.063072753906250000e+04
6.252380371093750000e+03
3.978271972656250000e+03
6.908510742187500000e+03
3.311818847656250000e+03
5.990039062500000000e+03
8.135261718750000000e+03
3.899044677734375000e+03
5.926125000000000000e+03
8.638033203125000000e+03
4.995369140625000000e+03
4.301911132812500000e+03
6.713819824218750000e+03
3.005695556640625000e+03
5.673870605468750000e+03
7.432166503906250000e+03
3.191405761718750000e+03
6.054506347656250000e+03
8.394372070312500000e+03
4.626031738281250000e+03
4.538379394531250000e+03
6.989865234375000000e+03
3.458398193359375000e+03
5.177950683593750000e+03
7.154924804687500000e+03
3.314618164062500000e+03
5.474870117187500000e+03
7.617594726562500000e+03
3.922899902343750000e+03
4.850295898437500000e+03
7.134558593750000000e+03
3.611279052734375000e+03
4.850388183593750000e+03
6.874428222656250000e+03
3.264072509765625000e+03
5.074695312500000000e+03
6.967249023437500000e+03
3.281364013671875000e+03
5.114297851562500000e+03
7.135646484375000000e+03
3.561506103515625000e+03
4.792612304687500000e+03
6.923186523437500000e+03
3.471423828125000000e+03
4.682764648437500000e+03
6.660538085937500000e+03
3.177617431640625000e+03
4.824273925781250000e+03
6.635253906250000000e+03
3.058869628906250000e+03
4.976361816406250000e+03
6.824245117187500000e+03
3.303147705078125000e+03
4.751492675781250000e+03
6.752974121093750000e+03
3.370750732421875000e+03
4.597982421875000000e+03
6.551911132812500000e+03
3.214607421875000000e+03
4.598183593750000000e+03
6.417163085937500000e+03
3.028302978515625000e+03
4.711263183593750000e+03
6.486879882812500000e+03
3.060240234375000000e+03
4.657376464843750000e+03
6.454447753906250000e+03
3.084025390625000000e+03
4.600841308593750000e+03
6.444559570312500000e+03
3.145263916015625000e+03
4.486066406250000000e+03
6.317875488281250000e+03
3.040510009765625000e+03
4.468270996093750000e+03
6.215452636718750000e+03
2.951436279296875000e+03
4.534858398437500000e+03
6.231014160156250000e+03
2.928346679687500000e+03
4.517946777343750000e+03
6.238089355468750000e+03
2.980282714843750000e+03
4.434510742187500000e+03
6.185427246093750000e+03
2.977410888671875000e+03
4.367546875000000000e+03
6.083764160156250000e+03
2.896538085937500000e+03
4.368578613281250000e+03
6.045166992187500000e+03
2.830848388671875000e+03
4.370163085937500000e+03
5.998550781250000000e+03
2.802422119140625000e+03
4.375163085937500000e+03
6.001882812500000000e+03
2.797646484375000000e+03
4.327938476562500000e+03
5.957331054687500000e+03
2.799138916015625000e+03
4.299690917968750000e+03
5.934624511718750000e+03
2.786528076171875000e+03
4.292421875000000000e+03
5.905232421875000000e+03
2.808441406250000000e+03
4.200763183593750000e+03
5.823429199218750000e+03
2.731729736328125000e+03
4.220581054687500000e+03
5.760346679687500000e+03
2.677786132812500000e+03
4.236562988281250000e+03
5.762509277343750000e+03
2.673692626953125000e+03
4.204356445312500000e+03
5.732242675781250000e+03
2.672320312500000000e+03
4.202138183593750000e+03
5.753397949218750000e+03
2.714446533203125000e+03
4.134159179687500000e+03
5.719902343750000000e+03
2.738088134765625000e+03
4.063670166015625000e+03
5.591928710937500000e+03
2.594276367187500000e+03
4.102973144531250000e+03
5.574996093750000000e+03
2.570643066406250000e+03
4.139046875000000000e+03
5.614322265625000000e+03
2.621939941406250000e+03
4.080149658203125000e+03
5.586396484375000000e+03
2.617253906250000000e+03
4.023030517578125000e+03
5.525592285156250000e+03
2.564367431640625000e+03
4.038470703125000000e+03
5.491787109375000000e+03
2.553488037109375000e+03
4.017381103515625000e+03
5.465243164062500000e+03
2.500412353515625000e+03
3.997434570312500000e+03
5.417567382812500000e+03
2.468771240234375000e+03
4.002048339843750000e+03
5.380026855468750000e+03
2.427481445312500000e+03
4.023223388671875000e+03
5.405677734375000000e+03
2.490912597656250000e+03
3.964715332031250000e+03
5.397603027343750000e+03
2.510740234375000000e+03
3.951563232421875000e+03
5.376128906250000000e+03
2.530711669921875000e+03
3.892456542968750000e+03
5.313407714843750000e+03
2.465224609375000000e+03
3.882639160156250000e+03
5.282448242187500000e+03
2.453145263671875000e+03
3.856403076171875000e+03
5.201224121093750000e+03
2.350573974609375000e+03
3.887353271484375000e+03
5.181583007812500000e+03
2.315255126953125000e+03
3.875009765625000000e+03
5.153069335937500000e+03
2.267421630859375000e+03
3.961543457031250000e+03
5.244673339843750000e+03
2.375914062500000000e+03
3.881738037109375000e+03
5.236173828125000000e+03
2.424762695312500000e+03
3.816543457031250000e+03
5.238638183593750000e+03
2.498264404296875000e+03
3.676487792968750000e+03
5.052827636718750000e+03
2.329672363281250000e+03
3.699435058593750000e+03
4.965638671875000000e+03
2.186592773437500000e+03
3.767314697265625000e+03
4.920148437500000000e+03
2.066369140625000000e+03
3.910604980468750000e+03
4.999303222656250000e+03
2.114408935546875000e+03
3.923137207031250000e+03
5.143332519531250000e+03
2.290986816406250000e+03
3.848944824218750000e+03
5.181462890625000000e+03
2.459624755859375000e+03
3.659132568359375000e+03
5.043106445312500000e+03
2.394334228515625000e+03
3.592525146484375000e+03
4.897855957031250000e+03
2.219642578125000000e+03
3.672053710937500000e+03
4.860960449218750000e+03
2.107476562500000000e+03
3.759938720703125000e+03
4.901030761718750000e+03
2.130447753906250000e+03
3.775279785156250000e+03
4.964579101562500000e+03
2.202012451171875000e+03
3.723149658203125000e+03
4.962331054687500000e+03
2.263600585937500000e+03
3.640870361328125000e+03
4.911915527343750000e+03
2.248274658203125000e+03
3.636804199218750000e+03
4.882866699218750000e+03
2.224778564453125000e+03
3.625299804687500000e+03
4.851747558593750000e+03
2.180053955078125000e+03
3.627299804687500000e+03
4.804324707031250000e+03
2.147488769531250000e+03
3.634130371093750000e+03
4.787146972656250000e+03
2.096534179687500000e+03
3.634506835937500000e+03
4.779136718750000000e+03
2.106669189453125000e+03
3.630448974609375000e+03
4.764615722656250000e+03
2.084200439453125000e+03
3.641951416015625000e+03
4.789012207031250000e+03
2.124520507812500000e+03
3.607477539062500000e+03
4.791888671875000000e+03
2.138511230468750000e+03
3.568098876953125000e+03
4.752146972656250000e+03
2.148346679687500000e+03
3.524781494140625000e+03
4.704493652343750000e+03
2.093929199218750000e+03
3.527670654296875000e+03
4.665131347656250000e+03
2.052916503906250000e+03
3.566520507812500000e+03
4.675644531250000000e+03
2.052227294921875000e+03
3.569427978515625000e+03
4.690520019531250000e+03
2.069988281250000000e+03
3.531155761718750000e+03
4.653971679687500000e+03
2.050465332031250000e+03
3.512678710937500000e+03
4.601760253906250000e+03
2.027725463867187500e+03
3.498343994140625000e+03
4.587250488281250000e+03
1.983785888671875000e+03
3.546188964843750000e+03
4.622862304687500000e+03
2.037827026367187500e+03
3.509370849609375000e+03
4.625090332031250000e+03
2.037218139648437500e+03
3.470149414062500000e+03
4.570024414062500000e+03
2.023114379882812500e+03
3.444041259765625000e+03
4.530223144531250000e+03
1.981450805664062500e+03
3.476902099609375000e+03
4.527379394531250000e+03
1.963949707031250000e+03
3.478189453125000000e+03
4.519735351562500000e+03
1.972018676757812500e+03
3.451842285156250000e+03
4.513733398437500000e+03
1.971800537109375000e+03
3.446159179687500000e+03
4.485789062500000000e+03
1.952499633789062500e+03
3.440772705078125000e+03
4.486951171875000000e+03
1.953935668945312500e+03
3.423665283203125000e+03
4.467910156250000000e+03
1.933367431640625000e+03
3.417889160156250000e+03
4.431783203125000000e+03
1.907044799804687500e+03
3.398194580078125000e+03
4.375734375000000000e+03
1.848975708007812500e+03
3.439234863281250000e+03
4.343200683593750000e+03
1.810502929687500000e+03
3.453362792968750000e+03
4.349043945312500000e+03
1.792348388671875000e+03
3.464191650390625000e+03
4.377526367187500000e+03
1.821839965820312500e+03
3.482840332031250000e+03
4.437844726562500000e+03
1.901821411132812500e+03
3.449334472656250000e+03
4.487951660156250000e+03
2.012592285156250000e+03
3.355233886718750000e+03
4.439732910156250000e+03
2.010961547851562500e+03
3.309290283203125000e+03
4.380081054687500000e+03
1.967707275390625000e+03
3.314027832031250000e+03
4.355444824218750000e+03
1.908392456054687500e+03
3.294809082031250000e+03
4.288737792968750000e+03
1.848466796875000000e+03
3.327267089843750000e+03
4.267231933593750000e+03
1.797453125000000000e+03
3.377302001953125000e+03
4.287149414062500000e+03
1.798624145507812500e+03
3.374307861328125000e+03
4.294661132812500000e+03
1.814787231445312500e+03
3.356638916015625000e+03
4.304531738281250000e+03
1.844812622070312500e+03
3.323192626953125000e+03
4.293033203125000000e+03
1.837879516601562500e+03
3.319504394531250000e+03
4.292805664062500000e+03
1.865101928710937500e+03
3.302594970703125000e+03
4.272332031250000000e+03
1.847722900390625000e+03
3.292139648437500000e+03
4.245239746093750000e+03
1.831146484375000000e+03
3.263702880859375000e+03
4.202986816406250000e+03
1.772236938476562500e+03
3.290960937500000000e+03
4.211886718750000000e+03
1.780039916992187500e+03
3.276538574218750000e+03
4.174232910156250000e+03
1.738568115234375000e+03
3.290797851562500000e+03
4.164822753906250000e+03
1.739165527343750000e+03
3.270103759765625000e+03
4.113808105468750000e+03
1.687797851562500000e+03
3.247269287109375000e+03
4.051568359375000000e+03
1.632324829101562500e+03
3.286228271484375000e+03
4.027494628906250000e+03
1.573230346679687500e+03
3.328603271484375000e+03
4.030330322265625000e+03
1.566273193359375000e+03
3.328474853515625000e+03
3.999188964843750000e+03
1.529262207031250000e+03
3.351350097656250000e+03
3.997107421875000000e+03
1.528354492187500000e+03
3.358101806640625000e+03
4.038273681640625000e+03
1.548128662109375000e+03
3.373589843750000000e+03
4.115677246093750000e+03
1.629731689453125000e+03
3.359988281250000000e+03
4.215258789062500000e+03
1.770951416015625000e+03
3.284756103515625000e+03
4.271197753906250000e+03
1.906313110351562500e+03
3.162311767578125000e+03
4.211683105468750000e+03
1.936346923828125000e+03
3.099441894531250000e+03
4.129868164062500000e+03
1.866869995117187500e+03
3.070814697265625000e+03
4.008108398437500000e+03
1.728833374023437500e+03
3.161353759765625000e+03
3.996864013671875000e+03
1.662610839843750000e+03
3.204468994140625000e+03
3.992725341796875000e+03
1.624401000976562500e+03
3.225464355468750000e+03
3.985528564453125000e+03
1.618827148437500000e+03
3.225240234375000000e+03
4.000843750000000000e+03
1.629376953125000000e+03
3.223049560546875000e+03
4.033618652343750000e+03
1.653789184570312500e+03
3.233177734375000000e+03
4.056810791015625000e+03
1.710500732421875000e+03
3.202996337890625000e+03
4.096753417968750000e+03
1.782931762695312500e+03
3.143045166015625000e+03
4.100954589843750000e+03
1.839863891601562500e+03
3.084542236328125000e+03
4.087293457031250000e+03
1.830494018554687500e+03
3.062337402343750000e+03
3.999035888671875000e+03
1.762602416992187500e+03
3.053408935546875000e+03
3.955677734375000000e+03
1.690828002929687500e+03
3.095624755859375000e+03
3.914045898437500000e+03
1.615816772460937500e+03
3.117265136718750000e+03
3.884598144531250000e+03
1.585285522460937500e+03
3.139848632812500000e+03
3.867142333984375000e+03
1.545519531250000000e+03
3.149062500000000000e+03
3.849998779296875000e+03
1.526566528320312500e+03
3.140433105468750000e+03
3.800113037109375000e+03
1.478185180664062500e+03
3.146682128906250000e+03
3.765454833984375000e+03
1.429764770507812500e+03
3.180577148437500000e+03
3.733116455078125000e+03
1.390800292968750000e+03
3.204059082031250000e+03
3.739833007812500000e+03
1.366195678710937500e+03
3.209942382812500000e+03
3.718052001953125000e+03
1.355663330078125000e+03
3.211233642578125000e+03
3.703573974609375000e+03
1.329729248046875000e+03
3.215609863281250000e+03
3.673924804687500000e+03
1.312307495117187500e+03
3.189306152343750000e+03
3.598067626953125000e+03
1.253382324218750000e+03
3.180789306640625000e+03
3.468494140625000000e+03
1.192357055664062500e+03
3.120969970703125000e+03
3.161006591796875000e+03
1.090353393554687500e+03
2.843343505859375000e+03
2.269916992187500000e+03
1.531121582031250000e+03
2.333334716796875000e+03
1.091494873046875000e+03
2.130156005859375000e+03
1.493343505859375000e+03
1.755207153320312500e+03
1.797240234375000000e+03
1.279404296875000000e+03
1.706702514648437500e+03
1.086184570312500000e+03
1.576483032226562500e+03
1.046920898437500000e+03
1.481742675781250000e+03
1.048284301757812500e+03
1.415265258789062500e+03
1.056829467773437500e+03
1.381220825195312500e+03
1.047102905273437500e+03
1.332888427734375000e+03
1.036246704101562500e+03
1.295387939453125000e+03
1.026421752929687500e+03
1.269465820312500000e+03
9.964352416992187500e+02
1.229148315429687500e+03
9.880322875976562500e+02
1.183827026367187500e+03
9.807977294921875000e+02
1.125179931640625000e+03
9.838227539062500000e+02
1.041412353515625000e+03
1.007956298828125000e+03
9.992310791015625000e+02
1.032830200195312500e+03
9.588580322265625000e+02
1.034710937500000000e+03
9.456423950195312500e+02
9.988411254882812500e+02
9.535703735351562500e+02
9.540169677734375000e+02
9.682753295898437500e+02
9.199475708007812500e+02
9.551378173828125000e+02
9.168215332031250000e+02
9.295739746093750000e+02
9.324707031250000000e+02
9.097546997070312500e+02
9.315523681640625000e+02
9.051636352539062500e+02
9.048679199218750000e+02
9.098941040039062500e+02
8.966518554687500000e+02
9.011794433593750000e+02
8.908236083984375000e+02
8.838839111328125000e+02
8.922320556640625000e+02
8.784866943359375000e+02
8.829332885742187500e+02
8.904777832031250000e+02
8.659516601562500000e+02
8.731155395507812500e+02
8.690049438476562500e+02
8.591665039062500000e+02
8.693602294921875000e+02
8.652811889648437500e+02
8.561552124023437500e+02
8.573638916015625000e+02
8.582736206054687500e+02
8.454764404296875000e+02
8.530856933593750000e+02
8.458980102539062500e+02
8.347468261718750000e+02
8.349600830078125000e+02
8.356157226562500000e+02
8.329854125976562500e+02
8.324635620117187500e+02
8.344436035156250000e+02
8.270761108398437500e+02
8.287619018554687500e+02
8.283872070312500000e+02
8.218332519531250000e+02
8.177828369140625000e+02
8.218380126953125000e+02
8.181961669921875000e+02
8.124561767578125000e+02
8.126646118164062500e+02
8.161500854492187500e+02
8.085985717773437500e+02
8.063088378906250000e+02
8.073497924804687500e+02
8.060922241210937500e+02
8.013217773437500000e+02
8.066477661132812500e+02
8.012191162109375000e+02
7.956573486328125000e+02
7.897244262695312500e+02
7.923668212890625000e+02
7.898267211914062500e+02
7.882457275390625000e+02
7.903289794921875000e+02
7.850272827148437500e+02
7.784528198242187500e+02
7.818400878906250000e+02
7.771389160156250000e+02
7.755229492187500000e+02
7.769312744140625000e+02
7.714177856445312500e+02
7.704036254882812500e+02
7.726156616210937500e+02
7.689431152343750000e+02
7.649637451171875000e+02
7.680441894531250000e+02
7.671331176757812500e+02
7.602534179687500000e+02
7.618872680664062500e+02
7.615594482421875000e+02
7.546440429687500000e+02
7.604403076171875000e+02
7.549627685546875000e+02
7.520342407226562500e+02
7.519089355468750000e+02
7.495752563476562500e+02
7.497782592773437500e+02
7.452843627929687500e+02
7.451831054687500000e+02
7.489105834960937500e+02
7.474058227539062500e+02
7.493587646484375000e+02
7.449525756835937500e+02
7.437815551757812500e+02
7.414220581054687500e+02
7.345970458984375000e+02
7.339893798828125000e+02
7.314555664062500000e+02
7.335006103515625000e+02
7.311022949218750000e+02
7.269275512695312500e+02
7.272028808593750000e+02
7.293569946289062500e+02
7.352814941406250000e+02
7.383242187500000000e+02
7.355622558593750000e+02
7.384304809570312500e+02
7.368226318359375000e+02
7.402815551757812500e+02
7.349085693359375000e+02
7.314342041015625000e+02
7.296193847656250000e+02
7.226370239257812500e+02
7.204676513671875000e+02
7.144812622070312500e+02
7.084207763671875000e+02
7.115714111328125000e+02
7.053683471679687500e+02
7.053692016601562500e+02
7.040123291015625000e+02
7.122633666992187500e+02
7.145386962890625000e+02
7.298204956054687500e+02
7.524865722656250000e+02
7.685838012695312500e+02
7.783828125000000000e+02
7.606202392578125000e+02
7.427572021484375000e+02
7.338756103515625000e+02
7.253709716796875000e+02
7.163007202148437500e+02
7.148276367187500000e+02
7.150416259765625000e+02
7.265981445312500000e+02
7.484029541015625000e+02
7.686082153320312500e+02
7.963645019531250000e+02
8.006243286132812500e+02
7.813139038085937500e+02
7.661005859375000000e+02
7.384094238281250000e+02
7.242487792968750000e+02
7.177241821289062500e+02
7.242587280273437500e+02
7.385126953125000000e+02
7.670309448242187500e+02
7.959866333007812500e+02
8.165235595703125000e+02
8.007167358398437500e+02
7.779907226562500000e+02
7.480690917968750000e+02
7.470698242187500000e+02
7.538324584960937500e+02
7.791461181640625000e+02
8.096675415039062500e+02
8.203462524414062500e+02
7.823981323242187500e+02
7.580166625976562500e+02
7.469038696289062500e+02
7.540789184570312500e+02
7.762024536132812500e+02
8.157341918945312500e+02
8.463371582031250000e+02
8.295634765625000000e+02
7.883271484375000000e+02
7.550021972656250000e+02
7.406866455078125000e+02
7.471323242187500000e+02
7.738666992187500000e+02
8.178302612304687500e+02
8.486716308593750000e+02
8.331041870117187500e+02
8.151848754882812500e+02
7.887866821289062500e+02
7.730313110351562500e+02
7.779402465820312500e+02
7.980040283203125000e+02
8.203587646484375000e+02
8.380319213867187500e+02
8.355956420898437500e+02
8.154152221679687500e+02
7.741483154296875000e+02
7.613490600585937500e+02
7.735605468750000000e+02
8.040068969726562500e+02
8.494924926757812500e+02
8.616113891601562500e+02
8.378051757812500000e+02
7.969411010742187500e+02
7.780831298828125000e+02
7.930454711914062500e+02
8.332848510742187500e+02
8.671191406250000000e+02
8.488424682617187500e+02
8.103181152343750000e+02
7.821456298828125000e+02
7.822295532226562500e+02
8.161996459960937500e+02
8.524302368164062500e+02
8.564577636718750000e+02
8.313730468750000000e+02
7.968414916992187500e+02
7.849531250000000000e+02
8.071393432617187500e+02
8.484104614257812500e+02
8.885634155273437500e+02
8.532872924804687500e+02
7.956508178710937500e+02
7.732616577148437500e+02
7.880791015625000000e+02
8.504575195312500000e+02
8.928505859375000000e+02
8.846016845703125000e+02
8.312426147460937500e+02
7.933192138671875000e+02
7.910695190429687500e+02
8.302615356445312500e+02
8.704962158203125000e+02
8.877651367187500000e+02
8.508686523437500000e+02
8.027919921875000000e+02
7.851542358398437500e+02
8.230678710937500000e+02
8.622439575195312500e+02
9.064931030273437500e+02
8.848107299804687500e+02
8.144035034179687500e+02
7.808248901367187500e+02
7.975387573242187500e+02
8.573363647460937500e+02
9.026049804687500000e+02
9.042866821289062500e+02
8.384067382812500000e+02
8.065890502929687500e+02
7.977311401367187500e+02
8.355843505859375000e+02
8.861775512695312500e+02
9.029696655273437500e+02
8.677037353515625000e+02
8.269600219726562500e+02
8.130571899414062500e+02
8.485518798828125000e+02
9.080297851562500000e+02
8.991544799804687500e+02
8.460526733398437500e+02
7.997697753906250000e+02
8.167377929687500000e+02
8.590711059570312500e+02
9.078208007812500000e+02
8.928796386718750000e+02
8.306524047851562500e+02
8.140148925781250000e+02
8.421550292968750000e+02
8.726428222656250000e+02
8.866559448242187500e+02
8.789417114257812500e+02
8.599740600585937500e+02
8.512246093750000000e+02
8.531193847656250000e+02
8.604838256835937500e+02
8.659367675781250000e+02
8.647708129882812500e+02
8.579063110351562500e+02
8.537932739257812500e+02
8.529275512695312500e+02
8.558735351562500000e+02
8.649013061523437500e+02
8.733049316406250000e+02
8.729874877929687500e+02
8.704589843750000000e+02
8.643012695312500000e+02
8.561149291992187500e+02
8.433815917968750000e+02
8.503809204101562500e+02
8.805464477539062500e+02
8.797109985351562500e+02
8.660288085937500000e+02
8.715686035156250000e+02
8.708997802734375000e+02
8.738613891601562500e+02
8.822833862304687500e+02
8.697380371093750000e+02
8.436078491210937500e+02
8.391911621093750000e+02
8.709187011718750000e+02
8.987989501953125000e+02
8.860985717773437500e+02
8.555610351562500000e+02
8.473215942382812500e+02
8.521061401367187500e+02
8.961748657226562500e+02
9.156089477539062500e+02
9.025188598632812500e+02
8.566254272460937500e+02
8.226452636718750000e+02
8.329588012695312500e+02
9.148953857421875000e+02
9.521558837890625000e+02
8.850465698242187500e+02
8.101162109375000000e+02
7.986945800781250000e+02
8.645885009765625000e+02
9.704693603515625000e+02
9.355249023437500000e+02
8.247458496093750000e+02
7.739757690429687500e+02
7.967869873046875000e+02
9.032644653320312500e+02
9.822892456054687500e+02
9.039565429687500000e+02
8.064047851562500000e+02
7.610213012695312500e+02
8.278685913085937500e+02
9.654515991210937500e+02
9.782408447265625000e+02
8.405187988281250000e+02
7.631674804687500000e+02
7.858403930664062500e+02
9.146721801757812500e+02
9.966121826171875000e+02
8.921538696289062500e+02
7.857470092773437500e+02
7.763519287109375000e+02
8.521953735351562500e+02
9.996181640625000000e+02
9.961630859375000000e+02
8.384897460937500000e+02
7.515879516601562500e+02
8.004571533203125000e+02
9.568414916992187500e+02
1.010674682617187500e+03
8.445293579101562500e+02
7.417446289062500000e+02
7.616922607421875000e+02
8.931547851562500000e+02
1.054057250976562500e+03
9.239327392578125000e+02
7.722954101562500000e+02
7.534820556640625000e+02
8.394851684570312500e+02
9.918833618164062500e+02
9.890277709960937500e+02
8.257072143554687500e+02
7.411840820312500000e+02
7.897260742187500000e+02
9.302551879882812500e+02
1.020726745605468750e+03
8.748696899414062500e+02
7.683837280273437500e+02
7.563222656250000000e+02
8.745450439453125000e+02
1.037212280273437500e+03
9.393350830078125000e+02
7.853428344726562500e+02
7.494549560546875000e+02
8.404317016601562500e+02
1.026705078125000000e+03
9.820852661132812500e+02
8.130181274414062500e+02
7.397789306640625000e+02
7.850246582031250000e+02
9.815695190429687500e+02
1.038959838867187500e+03
8.392151489257812500e+02
7.263771972656250000e+02
7.700805664062500000e+02
9.452872924804687500e+02
1.043139282226562500e+03
8.654899291992187500e+02
7.144586181640625000e+02
6.925477294921875000e+02
8.064555664062500000e+02
1.060902221679687500e+03
1.015706665039062500e+03
7.808724975585937500e+02
6.818451538085937500e+02
7.240702514648437500e+02
9.377280273437500000e+02
1.124886352539062500e+03
8.695389404296875000e+02
6.827206420898437500e+02
6.440021362304687500e+02
6.959656982421875000e+02
9.687014160156250000e+02
1.157966308593750000e+03
8.253532104492187500e+02
6.423992919921875000e+02
5.988515625000000000e+02
6.036596069335937500e+02
7.009555664062500000e+02
1.010829650878906250e+03
1.164306274414062500e+03
7.990924682617187500e+02
6.052741088867187500e+02
5.897651367187500000e+02
5.907044067382812500e+02
7.432507934570312500e+02
1.151512817382812500e+03
1.071144287109375000e+03
7.293682861328125000e+02
5.980252685546875000e+02
5.891901855468750000e+02
5.894156494140625000e+02
6.846751098632812500e+02
1.028710571289062500e+03
1.206942382812500000e+03
7.782715454101562500e+02
5.971342773437500000e+02
5.752276611328125000e+02
5.664872436523437500e+02
5.792443237304687500e+02
6.857576904296875000e+02
1.097457763671875000e+03
1.180031616210937500e+03
7.577633056640625000e+02
6.014431152343750000e+02
5.798289184570312500e+02
6.048855590820312500e+02
7.835469360351562500e+02
1.265896850585937500e+03
9.686427001953125000e+02
6.795189819335937500e+02
6.042147216796875000e+02
5.998502197265625000e+02
6.928146362304687500e+02
1.081966918945312500e+03
1.209109375000000000e+03
7.578086547851562500e+02
5.862844848632812500e+02
5.725089111328125000e+02
6.690244140625000000e+02
1.126503784179687500e+03
1.229463500976562500e+03
7.335499877929687500e+02
5.757519531250000000e+02
6.756057739257812500e+02
1.202729248046875000e+03
1.183944824218750000e+03
6.972078857421875000e+02
5.834552612304687500e+02
7.722228393554687500e+02
1.401190795898437500e+03
8.844581298828125000e+02
6.183834228515625000e+02
6.587947387695312500e+02
1.089437744140625000e+03
1.294688964843750000e+03
7.451056518554687500e+02
6.782789306640625000e+02
1.259658691406250000e+03
1.121766967773437500e+03
7.045842895507812500e+02
6.546821899414062500e+02
1.053324340820312500e+03
1.333409301757812500e+03
7.864623413085937500e+02
7.748721313476562500e+02
1.468751586914062500e+03
8.959494628906250000e+02
7.292145385742187500e+02
1.281346801757812500e+03
1.087708129882812500e+03
7.260395507812500000e+02
9.410127563476562500e+02
1.271584472656250000e+03
9.102859497070312500e+02
7.578283081054687500e+02
1.287886962890625000e+03
1.078450683593750000e+03
8.655619506835937500e+02
1.172205688476562500e+03
1.075598022460937500e+03
8.784443969726562500e+02
9.018969726562500000e+02
1.094354125976562500e+03
9.809796752929687500e+02
8.211311645507812500e+02
9.398579711914062500e+02
1.085984741210937500e+03
8.779522094726562500e+02
7.924776611328125000e+02
1.030221313476562500e+03
1.000581542968750000e+03
7.498474121093750000e+02
8.287173461914062500e+02
1.102219116210937500e+03
9.302794799804687500e+02
6.837243652343750000e+02
8.470578002929687500e+02
1.093618652343750000e+03
8.732777099609375000e+02
6.678995971679687500e+02
8.125369873046875000e+02
1.075874389648437500e+03
9.441013793945312500e+02
6.837265014648437500e+02
6.640437622070312500e+02
7.753479614257812500e+02
1.053071655273437500e+03
1.056411621093750000e+03
7.337782592773437500e+02
6.097338256835937500e+02
6.686752929687500000e+02
9.202122192382812500e+02
1.168911621093750000e+03
9.362536010742187500e+02
6.513104248046875000e+02
5.817957763671875000e+02
6.961619262695312500e+02
1.113053466796875000e+03
1.171770629882812500e+03
7.302843017578125000e+02
5.890394287109375000e+02
7.257609252929687500e+02
1.301561645507812500e+03
1.065831176757812500e+03
6.679584960937500000e+02
6.668296508789062500e+02
1.125971679687500000e+03
1.303925170898437500e+03
7.518218994140625000e+02
6.918595581054687500e+02
1.288345825195312500e+03
1.110378784179687500e+03
6.996967163085937500e+02
7.463848266601562500e+02
1.261272583007812500e+03
1.058274658203125000e+03
7.294982910156250000e+02
8.219042358398437500e+02
1.314498901367187500e+03
1.008375976562500000e+03
7.940873413085937500e+02
1.208435546875000000e+03
1.145583618164062500e+03
8.815950927734375000e+02
8.739592895507812500e+02
1.123798950195312500e+03
1.056159545898437500e+03
8.765089721679687500e+02
8.833059082031250000e+02
1.097444580078125000e+03
1.052262939453125000e+03
8.736315307617187500e+02
9.473870239257812500e+02
1.115210571289062500e+03
9.787380371093750000e+02
8.766731567382812500e+02
9.807467041015625000e+02
1.111627319335937500e+03
9.527675781250000000e+02
8.456196899414062500e+02
1.018028747558593750e+03
1.081928100585937500e+03
8.728439331054687500e+02
8.521277465820312500e+02
1.039120483398437500e+03
1.024773193359375000e+03
8.417834472656250000e+02
8.002355957031250000e+02
1.026597534179687500e+03
1.014135253906250000e+03
7.964291381835937500e+02
8.546502075195312500e+02
1.161506591796875000e+03
9.857533569335937500e+02
8.254071655273437500e+02
1.076882324218750000e+03
1.207322753906250000e+03
9.550747070312500000e+02
9.488814086914062500e+02
1.139014160156250000e+03
1.056766357421875000e+03
9.064000244140625000e+02
9.559937744140625000e+02
1.089331054687500000e+03
1.038415527343750000e+03
8.765185546875000000e+02
9.517741088867187500e+02
1.159481689453125000e+03
9.974391479492187500e+02
8.525845947265625000e+02
1.043929809570312500e+03
1.157989135742187500e+03
9.644553222656250000e+02
8.761587524414062500e+02
1.120341430664062500e+03
1.188269897460937500e+03
9.386380615234375000e+02
9.850955200195312500e+02
1.108909301757812500e+03
1.004038757324218750e+03
8.917748413085937500e+02
9.195304565429687500e+02
9.866079101562500000e+02
9.996046752929687500e+02
8.439443969726562500e+02
7.619970703125000000e+02
1.026033325195312500e+03
1.066038085937500000e+03
8.477144775390625000e+02
8.519774780273437500e+02
1.233728759765625000e+03
1.075873413085937500e+03
9.499634399414062500e+02
1.152369384765625000e+03
1.088504394531250000e+03
9.256097412109375000e+02
9.233258666992187500e+02
9.914645385742187500e+02
1.058073852539062500e+03
9.696096191406250000e+02
8.161464843750000000e+02
8.701583251953125000e+02
1.111071166992187500e+03
9.939617919921875000e+02
8.075724487304687500e+02
9.750960083007812500e+02
1.256539916992187500e+03
9.955185546875000000e+02
9.201422729492187500e+02
1.214983398437500000e+03
1.122053344726562500e+03
9.604005126953125000e+02
1.101522460937500000e+03
9.515891723632812500e+02
8.458292236328125000e+02
8.903853759765625000e+02
8.600971069335937500e+02
8.443190307617187500e+02
8.888358764648437500e+02
8.396771850585937500e+02
6.755473632812500000e+02
7.353886718750000000e+02
7.486855468750000000e+02
6.843972778320312500e+02
7.063316650390625000e+02
8.083582153320312500e+02
9.397449951171875000e+02
9.657324829101562500e+02
9.212527465820312500e+02
7.915696411132812500e+02
7.373141479492187500e+02
8.345200805664062500e+02
1.024672851562500000e+03
1.046169067382812500e+03
7.970895996093750000e+02
6.549561157226562500e+02
7.188622436523437500e+02
9.784564208984375000e+02
1.218447998046875000e+03
8.510539550781250000e+02
5.861508789062500000e+02
6.137393188476562500e+02
7.725858154296875000e+02
1.276216186523437500e+03
1.075578369140625000e+03
6.948521118164062500e+02
5.954572143554687500e+02
8.062609863281250000e+02
1.289944946289062500e+03
1.065685302734375000e+03
6.673672485351562500e+02
6.338951416015625000e+02
8.728969116210937500e+02
1.402294921875000000e+03
9.472700805664062500e+02
6.361068115234375000e+02
8.822241821289062500e+02
1.458667602539062500e+03
8.787782592773437500e+02
6.525398559570312500e+02
1.339609863281250000e+03
1.180208740234375000e+03
7.061547851562500000e+02
9.444118652343750000e+02
1.369545898437500000e+03
9.064668579101562500e+02
7.845665893554687500e+02
1.443949096679687500e+03
1.008891540527343750e+03
8.410065307617187500e+02
1.505731811523437500e+03
1.007760986328125000e+03
9.635280151367187500e+02
1.484361083984375000e+03
9.220823974609375000e+02
1.126060424804687500e+03
1.517452392578125000e+03
8.933768920898437500e+02
1.143223999023437500e+03
1.557773559570312500e+03
1.030944702148437500e+03
1.321927246093750000e+03
1.181457641601562500e+03
9.384159545898437500e+02
8.973456420898437500e+02
1.251742309570312500e+03
1.083661865234375000e+03
8.920098266601562500e+02
1.272664550781250000e+03
1.111333374023437500e+03
9.240603027343750000e+02
1.198960327148437500e+03
1.053567260742187500e+03
8.604872436523437500e+02
1.142141113281250000e+03
1.126582031250000000e+03
8.677750854492187500e+02
1.046634277343750000e+03
1.115349121093750000e+03
8.555971069335937500e+02
8.493870849609375000e+02
1.082345336914062500e+03
9.357321166992187500e+02
7.484578247070312500e+02
8.112528076171875000e+02
9.016696777343750000e+02
9.141488647460937500e+02
7.982971801757812500e+02
7.121499633789062500e+02
6.839898681640625000e+02
6.356798706054687500e+02
6.704970703125000000e+02
7.376778564453125000e+02
9.435729980468750000e+02
1.264685302734375000e+03
9.012994995117187500e+02
5.687705078125000000e+02
1.007231140136718750e+03
1.332753784179687500e+03
8.172940673828125000e+02
6.223225708007812500e+02
1.033757202148437500e+03
1.381023925781250000e+03
8.044600830078125000e+02
6.322817993164062500e+02
1.155238525390625000e+03
1.445812377929687500e+03
8.435306396484375000e+02
9.660592651367187500e+02
1.663190063476562500e+03
9.266184692382812500e+02
1.361890625000000000e+03
1.461637084960937500e+03
8.740444946289062500e+02
1.304788940429687500e+03
1.377532470703125000e+03
9.638568725585937500e+02
1.145264648437500000e+03
1.302421508789062500e+03
1.068882080078125000e+03
9.404514770507812500e+02
1.248570678710937500e+03
1.100258666992187500e+03
9.249081420898437500e+02
1.190979492187500000e+03
1.083126708984375000e+03
8.402565307617187500e+02
1.149421875000000000e+03
9.828073120117187500e+02
