2.242057343750000000e+05
1.585625625000000000e+05
9.496203906250000000e+04
5.129049609375000000e+04
5.203185937500000000e+04
7.225846875000000000e+04
8.300011718750000000e+04
8.061399218750000000e+04
6.765195312500000000e+04
5.102120703125000000e+04
3.625702343750000000e+04
3.174352929687500000e+04
3.775522265625000000e+04
4.544227734375000000e+04
4.767541796875000000e+04
4.381101171875000000e+04
3.561775000000000000e+04
2.750276367187500000e+04
2.436086523437500000e+04
2.696954101562500000e+04
3.103079296875000000e+04
3.229861718750000000e+04
2.950938867187500000e+04
2.474278710937500000e+04
2.043649609375000000e+04
1.995723828125000000e+04
2.238249609375000000e+04
2.411191210937500000e+04
2.319370898437500000e+04
1.994307226562500000e+04
1.707435937500000000e+04
1.668220117187500000e+04
1.829426562500000000e+04
1.892578320312500000e+04
1.773661523437500000e+04
1.544277539062500000e+04
1.429027734375000000e+04
1.502120312500000000e+04
1.584665039062500000e+04
1.505335351562500000e+04
1.340274316406250000e+04
1.260912695312500000e+04
1.319613183593750000e+04
1.355190332031250000e+04
1.259536621093750000e+04
1.155700390625000000e+04
1.149202832031250000e+04
1.202929492187500000e+04
1.160854296875000000e+04
1.058029785156250000e+04
1.043057617187500000e+04
1.078332128906250000e+04
1.050101171875000000e+04
9.768519531250000000e+03
9.690784179687500000e+03
9.875874023437500000e+03
9.460729492187500000e+03
8.952818359375000000e+03
8.988445312500000000e+03
9.007025390625000000e+03
8.545084960937500000e+03
8.413660156250000000e+03
8.533286132812500000e+03
8.165176757812500000e+03
7.894366699218750000e+03
7.963519531250000000e+03
7.719117187500000000e+03
7.511882324218750000e+03
7.550104492187500000e+03
7.381791503906250000e+03
7.153012207031250000e+03
7.189710449218750000e+03
6.970012207031250000e+03
6.834192382812500000e+03
6.798743652343750000e+03
6.601306152343750000e+03
6.564348144531250000e+03
6.490429199218750000e+03
6.312937500000000000e+03
6.266662597656250000e+03
6.149581054687500000e+03
6.044000976562500000e+03
5.983187500000000000e+03
5.865416015625000000e+03
5.830867675781250000e+03
5.702138183593750000e+03
5.600137207031250000e+03
5.511160156250000000e+03
5.489740722656250000e+03
5.398650390625000000e+03
5.315541015625000000e+03
5.269879394531250000e+03
5.158726074218750000e+03
5.112834472656250000e+03
5.023525390625000000e+03
4.993995117187500000e+03
4.924583496093750000e+03
4.854845214843750000e+03
4.761340332031250000e+03
4.754284179687500000e+03
4.730415039062500000e+03
4.615564941406250000e+03
4.548979980468750000e+03
4.529068847656250000e+03
4.499589355468750000e+03
4.406333984375000000e+03
4.356083496093750000e+03
4.316181152343750000e+03
4.291389160156250000e+03
4.208640625000000000e+03
4.174185058593750000e+03
4.122307128906250000e+03
4.046443603515625000e+03
4.035570556640625000e+03
3.980539062500000000e+03
3.971757812500000000e+03
3.910113769531250000e+03
3.865527099609375000e+03
3.840173828125000000e+03
3.766873535156250000e+03
3.725858642578125000e+03
3.706782958984375000e+03
3.681507568359375000e+03
3.645713378906250000e+03
3.598779052734375000e+03
3.574092041015625000e+03
3.537094482421875000e+03
3.499593994140625000e+03
3.466598876953125000e+03
3.442577880859375000e+03
3.408431884765625000e+03
3.358620605468750000e+03
3.357284179687500000e+03
3.293269531250000000e+03
3.263450927734375000e+03
3.234683349609375000e+03
3.222077636718750000e+03
3.175341308593750000e+03
3.168131347656250000e+03
3.133919433593750000e+03
3.106603027343750000e+03
3.095797363281250000e+03
3.072700439453125000e+03
3.096342041015625000e+03
3.170909423828125000e+03
3.303477294921875000e+03
3.363823974609375000e+03
3.320881103515625000e+03
3.169857177734375000e+03
3.020913085937500000e+03
2.938825439453125000e+03
2.892664306640625000e+03
2.873301025390625000e+03
2.833172363281250000e+03
2.860007812500000000e+03
2.968151855468750000e+03
3.275955078125000000e+03
3.652264160156250000e+03
3.470149169921875000e+03
3.098913085937500000e+03
2.828213134765625000e+03
2.723589599609375000e+03
2.673623291015625000e+03
2.695636474609375000e+03
2.777770507812500000e+03
3.114939697265625000e+03
3.584492187500000000e+03
3.527292480468750000e+03
2.955610107421875000e+03
2.696247802734375000e+03
2.587685302734375000e+03
2.589618896484375000e+03
2.694046875000000000e+03
3.038012939453125000e+03
3.517897949218750000e+03
3.393578613281250000e+03
2.862743408203125000e+03
2.581759521484375000e+03
2.474949951171875000e+03
2.496331298828125000e+03
2.617903564453125000e+03
2.995459472656250000e+03
3.387072998046875000e+03
3.261386230468750000e+03
2.811079589843750000e+03
2.552755859375000000e+03
2.483665527343750000e+03
2.536881347656250000e+03
2.772947509765625000e+03
3.181269775390625000e+03
3.236627685546875000e+03
2.841895019531250000e+03
2.529605957031250000e+03
2.416494628906250000e+03
2.438668212890625000e+03
2.675210693359375000e+03
3.084372314453125000e+03
3.208244873046875000e+03
2.732972900390625000e+03
2.419322509765625000e+03
2.299159912109375000e+03
2.321351806640625000e+03
2.524927490234375000e+03
2.958880859375000000e+03
3.153429687500000000e+03
2.812666015625000000e+03
2.445530273437500000e+03
2.325432128906250000e+03
2.355177490234375000e+03
2.550927246093750000e+03
2.901974609375000000e+03
3.014992675781250000e+03
2.640300537109375000e+03
2.356598876953125000e+03
2.268575927734375000e+03
2.375447998046875000e+03
2.630038085937500000e+03
2.938978759765625000e+03
2.820237548828125000e+03
2.519726806640625000e+03
2.306149414062500000e+03
2.300790283203125000e+03
2.426782714843750000e+03
2.684255859375000000e+03
2.816203613281250000e+03
2.620060058593750000e+03
2.361866455078125000e+03
2.223146484375000000e+03
2.228577392578125000e+03
2.404385009765625000e+03
2.619720703125000000e+03
2.715304443359375000e+03
2.487355712890625000e+03
2.286388916015625000e+03
2.205739746093750000e+03
2.261681152343750000e+03
2.445041015625000000e+03
2.698327148437500000e+03
2.633502685546875000e+03
2.408781494140625000e+03
2.231975585937500000e+03
2.226472656250000000e+03
2.338342041015625000e+03
2.528567626953125000e+03
2.589308349609375000e+03
2.411734375000000000e+03
2.264916748046875000e+03
2.244592285156250000e+03
2.282054443359375000e+03
2.361198242187500000e+03
2.440732910156250000e+03
2.413271972656250000e+03
2.365469238281250000e+03
2.267267822265625000e+03
2.281011718750000000e+03
2.363148193359375000e+03
2.429416503906250000e+03
2.415245361328125000e+03
2.299986816406250000e+03
2.198452392578125000e+03
2.150368408203125000e+03
2.225739746093750000e+03
2.313254882812500000e+03
2.437200927734375000e+03
2.388256835937500000e+03
2.225011230468750000e+03
2.100420410156250000e+03
2.083545166015625000e+03
2.171801025390625000e+03
2.338369628906250000e+03
2.435470703125000000e+03
2.354800537109375000e+03
2.186777343750000000e+03
2.079203369140625000e+03
2.104270751953125000e+03
2.266201171875000000e+03
2.420354003906250000e+03
2.380554443359375000e+03
2.183728515625000000e+03
2.036188476562500000e+03
2.017550903320312500e+03
2.113657714843750000e+03
2.279510986328125000e+03
2.368494384765625000e+03
2.258442138671875000e+03
2.092427490234375000e+03
2.018082641601562500e+03
2.074386962890625000e+03
2.198864990234375000e+03
2.337775390625000000e+03
2.274831054687500000e+03
2.138853027343750000e+03
2.047750244140625000e+03
2.060615478515625000e+03
2.170725830078125000e+03
2.300485107421875000e+03
2.268622314453125000e+03
2.079078369140625000e+03
1.974152221679687500e+03
1.994210693359375000e+03
2.097345703125000000e+03
2.230600830078125000e+03
2.253043457031250000e+03
2.141323730468750000e+03
2.029974487304687500e+03
2.015683837890625000e+03
2.096133056640625000e+03
2.212148925781250000e+03
2.211351074218750000e+03
2.084782714843750000e+03
1.982163574218750000e+03
1.985412841796875000e+03
2.064663330078125000e+03
2.179610595703125000e+03
2.157118408203125000e+03
2.075964843750000000e+03
2.056722412109375000e+03
2.087947021484375000e+03
2.130043701171875000e+03
2.120683837890625000e+03
2.044375488281250000e+03
1.959336791992187500e+03
1.953373901367187500e+03
2.024082641601562500e+03
2.149033447265625000e+03
2.178807373046875000e+03
2.078863281250000000e+03
1.947949951171875000e+03
1.894466918945312500e+03
1.967817138671875000e+03
2.080254882812500000e+03
2.160532958984375000e+03
2.085320800781250000e+03
1.973735473632812500e+03
1.881503540039062500e+03
1.884232177734375000e+03
1.960775268554687500e+03
2.100925537109375000e+03
2.135461669921875000e+03
2.033915649414062500e+03
1.889701171875000000e+03
1.844216064453125000e+03
1.908373291015625000e+03
2.053750732421875000e+03
2.169334228515625000e+03
2.052918212890625000e+03
1.904506835937500000e+03
1.825455200195312500e+03
1.894266235351562500e+03
2.056729003906250000e+03
2.175113525390625000e+03
2.060976318359375000e+03
1.877163208007812500e+03
1.798668579101562500e+03
1.815486694335937500e+03
1.970792358398437500e+03
2.158430908203125000e+03
2.098844726562500000e+03
1.876422973632812500e+03
1.747665649414062500e+03
1.772005004882812500e+03
1.959960937500000000e+03
2.185374023437500000e+03
2.084717529296875000e+03
1.871953491210937500e+03
1.776770507812500000e+03
1.834219238281250000e+03
1.972269042968750000e+03
2.099080810546875000e+03
1.988448364257812500e+03
1.839831420898437500e+03
1.802800048828125000e+03
1.852116210937500000e+03
2.001578613281250000e+03
2.048813964843750000e+03
1.944150756835937500e+03
1.803511230468750000e+03
1.757293701171875000e+03
1.845424804687500000e+03
1.984234985351562500e+03
2.018563232421875000e+03
1.921526611328125000e+03
1.831822509765625000e+03
1.790065063476562500e+03
1.872190185546875000e+03
2.019177978515625000e+03
2.003700927734375000e+03
1.853326293945312500e+03
1.764627807617187500e+03
1.784781005859375000e+03
1.905886718750000000e+03
2.024072387695312500e+03
1.977142944335937500e+03
1.821520263671875000e+03
1.730769897460937500e+03
1.749910400390625000e+03
1.846751953125000000e+03
1.964563720703125000e+03
1.967019775390625000e+03
1.849101806640625000e+03
1.729661010742187500e+03
1.763937744140625000e+03
1.930369506835937500e+03
1.998523559570312500e+03
1.889948608398437500e+03
1.742911621093750000e+03
1.710749511718750000e+03
1.794956054687500000e+03
1.950575073242187500e+03
1.998548706054687500e+03
1.874937377929687500e+03
1.697723388671875000e+03
1.647262573242187500e+03
1.744069091796875000e+03
1.981047607421875000e+03
2.042889282226562500e+03
1.837378051757812500e+03
1.649078491210937500e+03
1.638800170898437500e+03
1.803241210937500000e+03
2.015659179687500000e+03
1.917328125000000000e+03
1.750391357421875000e+03
1.667764770507812500e+03
1.733209838867187500e+03
1.847486206054687500e+03
1.942228149414062500e+03
1.845098022460937500e+03
1.718632080078125000e+03
1.689506469726562500e+03
1.787532958984375000e+03
1.871418334960937500e+03
1.857769531250000000e+03
1.772191528320312500e+03
1.737100341796875000e+03
1.769709228515625000e+03
1.839142456054687500e+03
1.854648681640625000e+03
1.775914672851562500e+03
1.730006591796875000e+03
1.739461914062500000e+03
1.809083618164062500e+03
1.816317260742187500e+03
1.752766601562500000e+03
1.702050415039062500e+03
1.704013916015625000e+03
1.762885742187500000e+03
1.857692382812500000e+03
1.862761962890625000e+03
1.741342651367187500e+03
1.657771240234375000e+03
1.672477661132812500e+03
1.807400268554687500e+03
1.908063476562500000e+03
1.825728515625000000e+03
1.658678100585937500e+03
1.594881713867187500e+03
1.672298217773437500e+03
1.865873535156250000e+03
1.912096923828125000e+03
1.746377319335937500e+03
1.581634521484375000e+03
1.570063720703125000e+03
1.759492431640625000e+03
1.940618530273437500e+03
1.819497436523437500e+03
1.650472412109375000e+03
1.587362792968750000e+03
1.690358032226562500e+03
1.856128173828125000e+03
1.898455322265625000e+03
1.697441406250000000e+03
1.588527465820312500e+03
1.615896484375000000e+03
1.790880615234375000e+03
1.901338256835937500e+03
1.754998168945312500e+03
1.594639160156250000e+03
1.578848632812500000e+03
1.673010253906250000e+03
1.786824340820312500e+03
1.810889160156250000e+03
1.740779296875000000e+03
1.674884277343750000e+03
1.683720458984375000e+03
1.737537719726562500e+03
1.747899536132812500e+03
1.717111083984375000e+03
1.697452880859375000e+03
1.700565795898437500e+03
1.736543701171875000e+03
1.721800415039062500e+03
1.710851196289062500e+03
1.673211303710937500e+03
1.655250854492187500e+03
1.682694824218750000e+03
1.741570312500000000e+03
1.718653564453125000e+03
1.652573608398437500e+03
1.622173095703125000e+03
1.667130981445312500e+03
1.750575317382812500e+03
1.778424438476562500e+03
1.646839477539062500e+03
1.549093505859375000e+03
1.596003295898437500e+03
1.735246826171875000e+03
1.816037475585937500e+03
1.693300292968750000e+03
1.557061157226562500e+03
1.560551513671875000e+03
1.658209594726562500e+03
1.792564331054687500e+03
1.740922485351562500e+03
1.625797729492187500e+03
1.565007934570312500e+03
1.593018554687500000e+03
1.670034301757812500e+03
1.760441162109375000e+03
1.692021240234375000e+03
1.628110961914062500e+03
1.596328735351562500e+03
1.641971679687500000e+03
1.676072631835937500e+03
1.676714111328125000e+03
1.630702758789062500e+03
1.628014282226562500e+03
1.616068115234375000e+03
1.650233398437500000e+03
1.656777343750000000e+03
1.674447387695312500e+03
1.627650024414062500e+03
1.611486938476562500e+03
1.631538085937500000e+03
1.694814208984375000e+03
1.686818847656250000e+03
1.630564086914062500e+03
1.582332763671875000e+03
1.614611694335937500e+03
1.649814697265625000e+03
1.664553344726562500e+03
1.620361938476562500e+03
1.607262451171875000e+03
1.642940673828125000e+03
1.682942382812500000e+03
1.648762084960937500e+03
1.604481567382812500e+03
1.557222412109375000e+03
1.551233642578125000e+03
1.602591796875000000e+03
1.662898193359375000e+03
1.678230102539062500e+03
1.631380004882812500e+03
1.554127929687500000e+03
1.536736450195312500e+03
1.592002685546875000e+03
1.668340454101562500e+03
1.641682250976562500e+03
1.577223999023437500e+03
1.530106201171875000e+03
1.551035278320312500e+03
1.595577880859375000e+03
1.613830078125000000e+03
1.627469238281250000e+03
1.613292846679687500e+03
1.578347900390625000e+03
1.595066162109375000e+03
1.610624145507812500e+03
1.629456542968750000e+03
1.620328491210937500e+03
1.559375854492187500e+03
1.524351318359375000e+03
1.539257812500000000e+03
1.606392578125000000e+03
1.655297973632812500e+03
1.582212646484375000e+03
1.531992309570312500e+03
1.546348266601562500e+03
1.625874877929687500e+03
1.650051391601562500e+03
1.611664672851562500e+03
1.538768920898437500e+03
1.510351074218750000e+03
1.570144897460937500e+03
1.650528198242187500e+03
1.617817749023437500e+03
1.556435302734375000e+03
1.495792724609375000e+03
1.543818237304687500e+03
1.623111572265625000e+03
1.633231445312500000e+03
1.580923339843750000e+03
1.541620971679687500e+03
1.537106079101562500e+03
1.579186401367187500e+03
1.597982666015625000e+03
1.589281494140625000e+03
1.531995971679687500e+03
1.544572509765625000e+03
1.580892089843750000e+03
1.635354003906250000e+03
1.614399291992187500e+03
1.536871215820312500e+03
1.465949951171875000e+03
1.517622558593750000e+03
1.592949584960937500e+03
1.633608520507812500e+03
1.553245361328125000e+03
1.519460205078125000e+03
1.533857788085937500e+03
1.590116333007812500e+03
1.571625610351562500e+03
1.521878051757812500e+03
1.505375488281250000e+03
1.564431030273437500e+03
1.610713256835937500e+03
1.581020996093750000e+03
1.477644409179687500e+03
1.464358154296875000e+03
1.490620849609375000e+03
1.620499755859375000e+03
1.652738281250000000e+03
1.538573364257812500e+03
1.427960083007812500e+03
1.458404541015625000e+03
1.570385498046875000e+03
1.676636352539062500e+03
1.578684204101562500e+03
1.457242797851562500e+03
1.411512817382812500e+03
1.528542846679687500e+03
1.671981445312500000e+03
1.587772216796875000e+03
1.425465087890625000e+03
1.372754760742187500e+03
1.511589721679687500e+03
1.683458374023437500e+03
1.606756713867187500e+03
1.439452270507812500e+03
1.375815185546875000e+03
1.461896484375000000e+03
1.631148315429687500e+03
1.656280761718750000e+03
1.464049316406250000e+03
1.365723999023437500e+03
1.417243652343750000e+03
1.615595703125000000e+03
1.683556518554687500e+03
1.518391113281250000e+03
1.390294921875000000e+03
1.434779907226562500e+03
1.592385253906250000e+03
1.662538208007812500e+03
1.490156372070312500e+03
1.394585937500000000e+03
1.403981079101562500e+03
1.557112670898437500e+03
1.655051513671875000e+03
1.523824951171875000e+03
1.386797485351562500e+03
1.377526855468750000e+03
1.498081298828125000e+03
1.653546508789062500e+03
1.549744995117187500e+03
1.405779296875000000e+03
1.386274169921875000e+03
1.497347290039062500e+03
1.616275634765625000e+03
1.574876342773437500e+03
1.413099487304687500e+03
1.381032836914062500e+03
1.479214965820312500e+03
1.591620361328125000e+03
1.557012084960937500e+03
1.466436401367187500e+03
1.401443237304687500e+03
1.476695190429687500e+03
1.573540405273437500e+03
1.566185302734375000e+03
1.433850097656250000e+03
1.391816162109375000e+03
1.445055786132812500e+03
1.559504638671875000e+03
1.539641357421875000e+03
1.449451538085937500e+03
1.410862548828125000e+03
1.493008422851562500e+03
1.564476440429687500e+03
1.550059692382812500e+03
1.421871337890625000e+03
1.381219726562500000e+03
1.445843261718750000e+03
1.574699707031250000e+03
1.563035034179687500e+03
1.431183349609375000e+03
1.360442626953125000e+03
1.429857666015625000e+03
1.549742675781250000e+03
1.549555664062500000e+03
1.439497924804687500e+03
1.399119750976562500e+03
1.445391601562500000e+03
1.548738525390625000e+03
1.538607055664062500e+03
1.431745361328125000e+03
1.374126220703125000e+03
1.432245361328125000e+03
1.512365234375000000e+03
1.545259887695312500e+03
1.469899047851562500e+03
1.397467895507812500e+03
1.398776855468750000e+03
1.493702392578125000e+03
1.541505493164062500e+03
1.467151123046875000e+03
1.402886230468750000e+03
1.448263671875000000e+03
1.511910766601562500e+03
1.509137939453125000e+03
1.427072143554687500e+03
1.417973510742187500e+03
1.438956054687500000e+03
1.520826538085937500e+03
1.496536499023437500e+03
1.435806396484375000e+03
1.395065307617187500e+03
1.450666503906250000e+03
1.496170898437500000e+03
1.473706909179687500e+03
1.398408325195312500e+03
1.398669677734375000e+03
1.460583740234375000e+03
1.516119750976562500e+03
1.452111938476562500e+03
1.403080444335937500e+03
1.423731689453125000e+03
1.500592773437500000e+03
1.474537719726562500e+03
1.430270996093750000e+03
1.390845336914062500e+03
1.437674560546875000e+03
1.482628784179687500e+03
1.444786987304687500e+03
1.419011108398437500e+03
1.423410034179687500e+03
1.444380004882812500e+03
1.476691528320312500e+03
1.420427734375000000e+03
1.395859619140625000e+03
1.420202148437500000e+03
1.500789916992187500e+03
1.435333496093750000e+03
1.382686889648437500e+03
1.376033203125000000e+03
1.447139160156250000e+03
1.481240112304687500e+03
1.467406738281250000e+03
1.398156372070312500e+03
1.375082397460937500e+03
1.409338378906250000e+03
1.515133056640625000e+03
1.493821289062500000e+03
1.395013549804687500e+03
1.336695434570312500e+03
1.380688232421875000e+03
1.461582519531250000e+03
1.485357788085937500e+03
1.391621093750000000e+03
1.366434936523437500e+03
1.410876831054687500e+03
1.485772094726562500e+03
1.450514038085937500e+03
1.377024780273437500e+03
1.356268676757812500e+03
1.417559570312500000e+03
1.457617309570312500e+03
1.433144042968750000e+03
1.344914428710937500e+03
1.346452880859375000e+03
1.422608276367187500e+03
1.499384643554687500e+03
1.441268188476562500e+03
1.355809448242187500e+03
1.334229858398437500e+03
1.418294189453125000e+03
1.450046875000000000e+03
1.432529052734375000e+03
1.371588012695312500e+03
1.351550903320312500e+03
1.385650268554687500e+03
1.454173217773437500e+03
1.441775146484375000e+03
1.367591186523437500e+03
1.326417236328125000e+03
1.413629394531250000e+03
1.478388061523437500e+03
1.418062622070312500e+03
1.314301879882812500e+03
1.320683471679687500e+03
1.406002563476562500e+03
1.504105590820312500e+03
1.399385131835937500e+03
1.318414550781250000e+03
1.358219238281250000e+03
1.462312744140625000e+03
1.471315429687500000e+03
1.376262084960937500e+03
1.313179565429687500e+03
1.352441040039062500e+03
1.465765502929687500e+03
1.462691772460937500e+03
1.330196533203125000e+03
1.295719726562500000e+03
1.379293945312500000e+03
1.472239257812500000e+03
1.422510498046875000e+03
1.347724487304687500e+03
1.323560546875000000e+03
1.398978515625000000e+03
1.466323364257812500e+03
1.403966918945312500e+03
1.311286621093750000e+03
1.319377075195312500e+03
1.410839233398437500e+03
1.478621582031250000e+03
1.381805664062500000e+03
1.320079467773437500e+03
1.330052612304687500e+03
1.424952880859375000e+03
1.435424804687500000e+03
1.359417724609375000e+03
1.319262084960937500e+03
1.369725952148437500e+03
1.439044433593750000e+03
1.417077758789062500e+03
1.346475463867187500e+03
1.334685058593750000e+03
1.367356933593750000e+03
1.466775634765625000e+03
1.404728759765625000e+03
1.314969604492187500e+03
1.273581420898437500e+03
1.363285156250000000e+03
1.455946166992187500e+03
1.394037597656250000e+03
1.303379272460937500e+03
1.308454833984375000e+03
1.372575683593750000e+03
1.443190551757812500e+03
1.362888916015625000e+03
1.314321899414062500e+03
1.338533935546875000e+03
1.408751708984375000e+03
1.395844970703125000e+03
1.344952270507812500e+03
1.323977172851562500e+03
1.329151733398437500e+03
1.360773437500000000e+03
1.425228637695312500e+03
1.374875488281250000e+03
1.306250000000000000e+03
1.299390869140625000e+03
1.391486450195312500e+03
1.450498413085937500e+03
1.339071166992187500e+03
1.239549072265625000e+03
1.299689941406250000e+03
1.422543090820312500e+03
1.466918212890625000e+03
1.303003540039062500e+03
1.239083251953125000e+03
1.307971435546875000e+03
1.472326782226562500e+03
1.424685546875000000e+03
1.279414184570312500e+03
1.221582031250000000e+03
1.318040771484375000e+03
1.455985107421875000e+03
1.412478271484375000e+03
1.247975341796875000e+03
1.236022949218750000e+03
1.341136840820312500e+03
1.440572998046875000e+03
1.400064575195312500e+03
1.328405639648437500e+03
1.288366699218750000e+03
1.335027465820312500e+03
1.403447998046875000e+03
1.373591552734375000e+03
1.296642089843750000e+03
1.336869628906250000e+03
1.337022949218750000e+03
1.378716308593750000e+03
1.362220581054687500e+03
1.297073608398437500e+03
1.288052246093750000e+03
1.370311035156250000e+03
1.378181762695312500e+03
1.353447753906250000e+03
1.276486694335937500e+03
1.311963867187500000e+03
1.370172363281250000e+03
1.367416137695312500e+03
1.317109130859375000e+03
1.290299804687500000e+03
1.289729003906250000e+03
1.361216186523437500e+03
1.382483764648437500e+03
1.330946533203125000e+03
1.258564941406250000e+03
1.279403442382812500e+03
1.361527954101562500e+03
1.381297607421875000e+03
1.311034423828125000e+03
1.257763183593750000e+03
1.289074462890625000e+03
1.401398559570312500e+03
1.379581909179687500e+03
1.324756347656250000e+03
1.260800537109375000e+03
1.291458496093750000e+03
1.359267456054687500e+03
1.378099609375000000e+03
1.315311889648437500e+03
1.277199707031250000e+03
1.276280029296875000e+03
1.371145507812500000e+03
1.345299560546875000e+03
1.277024902343750000e+03
1.264707641601562500e+03
1.322257812500000000e+03
1.369630004882812500e+03
1.336577880859375000e+03
1.303687500000000000e+03
1.283982055664062500e+03
1.317377929687500000e+03
1.371036499023437500e+03
1.337517944335937500e+03
1.291807006835937500e+03
1.272071044921875000e+03
1.331390991210937500e+03
1.373233764648437500e+03
1.326811035156250000e+03
1.257890380859375000e+03
1.276632812500000000e+03
1.333079223632812500e+03
1.340406250000000000e+03
1.282723754882812500e+03
1.264074218750000000e+03
1.292669677734375000e+03
1.364047119140625000e+03
1.358544189453125000e+03
1.285808349609375000e+03
1.254346069335937500e+03
1.305020629882812500e+03
1.366878417968750000e+03
1.346461059570312500e+03
1.295529541015625000e+03
1.283637939453125000e+03
1.304571655273437500e+03
1.316634399414062500e+03
1.312740722656250000e+03
1.306459838867187500e+03
1.283656738281250000e+03
1.300722656250000000e+03
1.313912353515625000e+03
1.315266723632812500e+03
1.278396728515625000e+03
1.282726928710937500e+03
1.334433349609375000e+03
1.331076171875000000e+03
1.298110595703125000e+03
1.272515014648437500e+03
1.273062500000000000e+03
1.292960937500000000e+03
1.296665283203125000e+03
1.296072387695312500e+03
1.280465087890625000e+03
1.291663574218750000e+03
1.295902832031250000e+03
1.328097045898437500e+03
1.296320556640625000e+03
1.293384399414062500e+03
1.299879516601562500e+03
1.317788330078125000e+03
1.290310180664062500e+03
1.267709106445312500e+03
1.274985229492187500e+03
1.311750122070312500e+03
1.312996826171875000e+03
1.285961303710937500e+03
1.270292358398437500e+03
1.286690673828125000e+03
1.329805053710937500e+03
1.309542236328125000e+03
1.242665161132812500e+03
1.222242675781250000e+03
1.298688110351562500e+03
1.353521728515625000e+03
1.272034179687500000e+03
