2.724655625000000000e+05
2.182848593750000000e+05
1.653978437500000000e+05
1.132120781250000000e+05
6.680300000000000000e+04
4.392107031250000000e+04
4.903162109375000000e+04
6.428102734375000000e+04
7.487635937500000000e+04
7.733299218750000000e+04
7.272005468750000000e+04
6.198483203125000000e+04
4.842518750000000000e+04
3.453755078125000000e+04
2.500548242187500000e+04
2.558576757812500000e+04
3.255123437500000000e+04
3.848487500000000000e+04
3.992476171875000000e+04
3.645658984375000000e+04
2.970872851562500000e+04
2.226264257812500000e+04
1.738848242187500000e+04
1.772952539062500000e+04
2.130460156250000000e+04
2.415828710937500000e+04
2.406247070312500000e+04
2.095044140625000000e+04
1.628647753906250000e+04
1.275840136718750000e+04
1.296077832031250000e+04
1.530340234375000000e+04
1.677884765625000000e+04
1.561288867187500000e+04
1.253519140625000000e+04
9.817258789062500000e+03
9.869621093750000000e+03
1.155571582031250000e+04
1.213205468750000000e+04
1.057916015625000000e+04
8.279388671875000000e+03
7.776597167968750000e+03
9.159256835937500000e+03
9.581048828125000000e+03
7.976067871093750000e+03
6.542654296875000000e+03
7.000383300781250000e+03
7.724598632812500000e+03
7.114796386718750000e+03
5.745040039062500000e+03
5.904341308593750000e+03
6.529126953125000000e+03
5.906753417968750000e+03
4.888214355468750000e+03
5.314570312500000000e+03
5.547563964843750000e+03
4.718346679687500000e+03
4.522486328125000000e+03
4.933224609375000000e+03
4.425441406250000000e+03
4.029361816406250000e+03
4.345412597656250000e+03
4.005875976562500000e+03
3.708706542968750000e+03
3.944073730468750000e+03
3.587349853515625000e+03
3.518493652343750000e+03
3.591132812500000000e+03
3.195384521484375000e+03
3.323230224609375000e+03
3.148979248046875000e+03
3.004590820312500000e+03
3.081405517578125000e+03
2.798101074218750000e+03
2.904557617187500000e+03
2.662419189453125000e+03
2.742287353515625000e+03
2.560321533203125000e+03
2.605328857421875000e+03
2.454069091796875000e+03
2.448860351562500000e+03
2.346631347656250000e+03
2.357104492187500000e+03
2.221800292968750000e+03
2.282478027343750000e+03
2.110758544921875000e+03
2.171237304687500000e+03
2.052190673828125000e+03
2.023812011718750000e+03
2.032922729492187500e+03
1.928106811523437500e+03
1.944286499023437500e+03
1.897870361328125000e+03
1.826234008789062500e+03
1.858199707031250000e+03
1.800101196289062500e+03
1.713664916992187500e+03
1.743843872070312500e+03
1.753510498046875000e+03
1.673042602539062500e+03
1.602906616210937500e+03
1.618993652343750000e+03
1.610701782226562500e+03
1.590202758789062500e+03
1.549789916992187500e+03
1.504372802734375000e+03
1.468604980468750000e+03
1.443812011718750000e+03
1.413045166015625000e+03
1.407267700195312500e+03
1.390779174804687500e+03
1.432280151367187500e+03
1.622408935546875000e+03
1.831902465820312500e+03
1.662531005859375000e+03
1.422483276367187500e+03
1.300244873046875000e+03
1.274490844726562500e+03
1.265794921875000000e+03
1.330751098632812500e+03
1.628003295898437500e+03
2.025035278320312500e+03
1.640811279296875000e+03
1.331125610351562500e+03
1.218690795898437500e+03
1.254484130859375000e+03
1.496272460937500000e+03
1.970282958984375000e+03
1.690142089843750000e+03
1.361062255859375000e+03
1.196349731445312500e+03
1.193012939453125000e+03
1.343220703125000000e+03
1.829494140625000000e+03
1.840361206054687500e+03
1.461333496093750000e+03
1.182693969726562500e+03
1.165290649414062500e+03
1.313389404296875000e+03
1.757805664062500000e+03
1.885432617187500000e+03
1.435782714843750000e+03
1.050555786132812500e+03
1.163588867187500000e+03
1.451305175781250000e+03
2.140364013671875000e+03
1.604638549804687500e+03
1.046482177734375000e+03
1.273987915039062500e+03
1.933869140625000000e+03
1.701700073242187500e+03
1.279023803710937500e+03
1.113903808593750000e+03
1.065665527343750000e+03
1.077928222656250000e+03
1.217909179687500000e+03
1.711720092773437500e+03
2.073928955078125000e+03
1.313345458984375000e+03
1.016167968750000000e+03
1.784783691406250000e+03
2.109131591796875000e+03
1.290590332031250000e+03
1.163268310546875000e+03
2.442025878906250000e+03
1.668657226562500000e+03
1.408223510742187500e+03
2.443545654296875000e+03
1.491539794921875000e+03
1.536115356445312500e+03
2.449733886718750000e+03
1.395983764648437500e+03
1.925333129882812500e+03
2.531093261718750000e+03
1.322117919921875000e+03
2.197910644531250000e+03
1.698789306640625000e+03
1.243111694335937500e+03
1.458154785156250000e+03
2.054096923828125000e+03
1.464911499023437500e+03
1.188695190429687500e+03
1.871307373046875000e+03
1.864230957031250000e+03
1.431005004882812500e+03
1.534982788085937500e+03
1.609680786132812500e+03
1.450198974609375000e+03
1.315369262695312500e+03
1.405216064453125000e+03
1.646134399414062500e+03
1.585152343750000000e+03
1.312249389648437500e+03
1.252225708007812500e+03
1.380494995117187500e+03
1.557158081054687500e+03
1.277646728515625000e+03
1.163869384765625000e+03
1.208710571289062500e+03
1.109459106445312500e+03
1.067296508789062500e+03
1.139727905273437500e+03
1.038575317382812500e+03
1.303363403320312500e+03
1.689721801757812500e+03
1.398682739257812500e+03
1.125944824218750000e+03
1.001649536132812500e+03
1.114695556640625000e+03
1.268442260742187500e+03
1.641932128906250000e+03
1.665403930664062500e+03
1.188128051757812500e+03
9.104659423828125000e+02
9.107863159179687500e+02
9.070552978515625000e+02
9.059099731445312500e+02
1.123734619140625000e+03
2.200229248046875000e+03
1.542333007812500000e+03
9.500139160156250000e+02
1.228961059570312500e+03
2.234555664062500000e+03
1.461092163085937500e+03
1.034573242187500000e+03
2.008472778320312500e+03
1.952344970703125000e+03
1.353152587890625000e+03
1.502235107421875000e+03
1.873361694335937500e+03
1.570217285156250000e+03
1.315780273437500000e+03
1.630623291015625000e+03
1.618422119140625000e+03
1.378667602539062500e+03
1.223778076171875000e+03
1.323736206054687500e+03
1.276433715820312500e+03
1.230653076171875000e+03
1.166640380859375000e+03
1.131732788085937500e+03
1.148844970703125000e+03
1.391673828125000000e+03
1.694053588867187500e+03
1.437124511718750000e+03
9.593541870117187500e+02
9.511109008789062500e+02
9.399815063476562500e+02
8.467690429687500000e+02
1.042194702148437500e+03
1.644773071289062500e+03
1.957896484375000000e+03
1.252317138671875000e+03
8.390990600585937500e+02
1.114709838867187500e+03
2.218363525390625000e+03
1.533364013671875000e+03
1.024827880859375000e+03
1.648875976562500000e+03
2.415501708984375000e+03
1.467954223632812500e+03
1.935943237304687500e+03
1.950190307617187500e+03
1.377896484375000000e+03
1.195041625976562500e+03
1.790336914062500000e+03
1.573215332031250000e+03
1.329416137695312500e+03
1.751520507812500000e+03
1.748125122070312500e+03
1.410387573242187500e+03
1.460725952148437500e+03
1.674619262695312500e+03
1.606361206054687500e+03
1.460150268554687500e+03
1.310177001953125000e+03
1.590418945312500000e+03
1.717332519531250000e+03
1.520076538085937500e+03
1.509809082031250000e+03
1.778687500000000000e+03
1.521123779296875000e+03
1.419031494140625000e+03
1.351706054687500000e+03
1.384271728515625000e+03
1.570675048828125000e+03
1.332972167968750000e+03
1.146578369140625000e+03
1.233665649414062500e+03
1.109087768554687500e+03
1.200254272460937500e+03
9.501560058593750000e+02
1.071356079101562500e+03
1.005604431152343750e+03
9.278442382812500000e+02
9.923400878906250000e+02
8.350592651367187500e+02
9.934121704101562500e+02
1.394472900390625000e+03
2.057168945312500000e+03
1.359201538085937500e+03
9.032222900390625000e+02
1.483190795898437500e+03
2.145598876953125000e+03
1.411278686523437500e+03
1.179248168945312500e+03
2.487510986328125000e+03
1.557560424804687500e+03
1.555503784179687500e+03
2.598962402343750000e+03
1.380166748046875000e+03
2.682147216796875000e+03
1.517703002929687500e+03
1.142976684570312500e+03
2.004342773437500000e+03
1.659374511718750000e+03
1.384857543945312500e+03
1.396922851562500000e+03
1.670470458984375000e+03
1.569723388671875000e+03
1.321922241210937500e+03
1.305815673828125000e+03
1.550929443359375000e+03
1.424135253906250000e+03
1.196733886718750000e+03
1.228446166992187500e+03
1.295378417968750000e+03
1.383636962890625000e+03
1.434419067382812500e+03
1.351084838867187500e+03
1.116872558593750000e+03
8.625477905273437500e+02
1.073609741210937500e+03
1.118168212890625000e+03
1.209720092773437500e+03
1.662281860351562500e+03
1.798526611328125000e+03
1.063755249023437500e+03
1.480251831054687500e+03
2.068694335937500000e+03
1.507260864257812500e+03
1.277827636718750000e+03
2.303544677734375000e+03
1.355112548828125000e+03
1.876310058593750000e+03
2.252417236328125000e+03
1.596171508789062500e+03
1.852540527343750000e+03
1.581378051757812500e+03
1.549217163085937500e+03
1.227585815429687500e+03
1.165065185546875000e+03
1.264403808593750000e+03
1.008334777832031250e+03
1.062902343750000000e+03
1.041563476562500000e+03
1.118668090820312500e+03
1.101312744140625000e+03
1.453769531250000000e+03
1.595780761718750000e+03
1.096848999023437500e+03
1.101620483398437500e+03
1.356892333984375000e+03
2.052489257812500000e+03
1.494015258789062500e+03
1.282444091796875000e+03
2.175152832031250000e+03
1.648065063476562500e+03
1.516505371093750000e+03
2.356535400390625000e+03
1.577334838867187500e+03
2.276799316406250000e+03
1.695070312500000000e+03
1.506301635742187500e+03
1.927807006835937500e+03
1.502841796875000000e+03
1.415219482421875000e+03
1.980423217773437500e+03
1.586451660156250000e+03
1.556321777343750000e+03
1.380614746093750000e+03
1.391581176757812500e+03
1.384243164062500000e+03
1.185321411132812500e+03
1.169001464843750000e+03
1.256115356445312500e+03
1.108826660156250000e+03
1.029184448242187500e+03
1.119542480468750000e+03
1.054327270507812500e+03
9.978322143554687500e+02
1.080994506835937500e+03
1.101466308593750000e+03
1.525812988281250000e+03
1.790785156250000000e+03
1.152229125976562500e+03
9.791618041992187500e+02
1.587309936523437500e+03
1.935669555664062500e+03
1.316460815429687500e+03
1.309303466796875000e+03
2.023375732421875000e+03
1.551808227539062500e+03
1.221103881835937500e+03
1.427934570312500000e+03
1.795377563476562500e+03
1.565556518554687500e+03
1.297295043945312500e+03
1.228454345703125000e+03
1.238567504882812500e+03
1.406637084960937500e+03
1.304153686523437500e+03
1.132522949218750000e+03
1.042546386718750000e+03
1.016020141601562500e+03
1.029838989257812500e+03
1.018658569335937500e+03
9.753792724609375000e+02
1.152232299804687500e+03
1.636276855468750000e+03
1.546678710937500000e+03
1.130501708984375000e+03
1.010506591796875000e+03
9.067239379882812500e+02
9.947620849609375000e+02
1.182011474609375000e+03
1.699991577148437500e+03
1.544185302734375000e+03
9.778933715820312500e+02
9.797085571289062500e+02
1.845074707031250000e+03
1.850272094726562500e+03
1.205166870117187500e+03
1.255999145507812500e+03
2.471927734375000000e+03
1.537092041015625000e+03
1.959113037109375000e+03
1.892224121093750000e+03
1.322995483398437500e+03
1.166422973632812500e+03
2.101891601562500000e+03
1.876728393554687500e+03
1.678504882812500000e+03
1.689837890625000000e+03
1.519394775390625000e+03
1.637389282226562500e+03
1.436372802734375000e+03
1.253946899414062500e+03
1.372756469726562500e+03
1.283596923828125000e+03
1.164665649414062500e+03
1.109136352539062500e+03
9.261262207031250000e+02
1.066707275390625000e+03
1.019257751464843750e+03
9.562467041015625000e+02
1.577163452148437500e+03
1.840578125000000000e+03
1.167919799804687500e+03
1.197494140625000000e+03
2.234641601562500000e+03
1.595002319335937500e+03
1.665398925781250000e+03
2.111675292968750000e+03
1.645512084960937500e+03
1.709325805664062500e+03
1.660840576171875000e+03
1.576931030273437500e+03
1.612576049804687500e+03
1.392072509765625000e+03
1.113261352539062500e+03
1.287502929687500000e+03
1.319458984375000000e+03
1.069368041992187500e+03
1.251359497070312500e+03
1.330169799804687500e+03
1.191289184570312500e+03
1.270672363281250000e+03
1.121297119140625000e+03
1.102028808593750000e+03
1.294478393554687500e+03
1.250641723632812500e+03
1.400404907226562500e+03
1.395777832031250000e+03
1.070829833984375000e+03
9.895941772460937500e+02
1.462542846679687500e+03
1.926922363281250000e+03
1.213934814453125000e+03
1.277207275390625000e+03
2.499284423828125000e+03
1.434832641601562500e+03
2.142385498046875000e+03
1.800894287109375000e+03
1.230313476562500000e+03
1.233991210937500000e+03
2.047828857421875000e+03
1.775763793945312500e+03
1.651781127929687500e+03
2.053179931640625000e+03
1.546213867187500000e+03
1.764196899414062500e+03
1.665009033203125000e+03
1.521562744140625000e+03
1.589974365234375000e+03
1.265774414062500000e+03
1.344827880859375000e+03
1.300305664062500000e+03
1.138843627929687500e+03
1.310859130859375000e+03
1.230516357421875000e+03
1.111915161132812500e+03
1.103935058593750000e+03
9.240632934570312500e+02
9.251432495117187500e+02
8.404179077148437500e+02
9.127125854492187500e+02
7.805592651367187500e+02
9.529775390625000000e+02
1.353435180664062500e+03
2.066925781250000000e+03
1.337865722656250000e+03
1.266725708007812500e+03
2.822254394531250000e+03
1.437585083007812500e+03
2.756366210937500000e+03
1.125441284179687500e+03
1.661176513671875000e+03
2.493947265625000000e+03
1.569329101562500000e+03
2.264510986328125000e+03
1.306179565429687500e+03
1.226055175781250000e+03
1.944827148437500000e+03
1.609412109375000000e+03
1.361101562500000000e+03
1.578334594726562500e+03
1.626472656250000000e+03
1.506494262695312500e+03
1.247807983398437500e+03
1.164114013671875000e+03
1.402802856445312500e+03
1.474623901367187500e+03
1.238828613281250000e+03
1.058392333984375000e+03
1.196138916015625000e+03
1.690577270507812500e+03
1.267998901367187500e+03
1.057438232421875000e+03
1.990613281250000000e+03
1.772109008789062500e+03
1.419434936523437500e+03
2.001536132812500000e+03
1.457553955078125000e+03
1.299704833984375000e+03
1.610888916015625000e+03
1.525040649414062500e+03
1.306094360351562500e+03
1.335450317382812500e+03
1.369119750976562500e+03
1.239656982421875000e+03
1.080668090820312500e+03
1.127375000000000000e+03
9.986597900390625000e+02
1.007666015625000000e+03
9.494811401367187500e+02
9.451417236328125000e+02
1.306692260742187500e+03
1.593834716796875000e+03
1.218345092773437500e+03
9.716772460937500000e+02
8.042329711914062500e+02
8.128576660156250000e+02
7.732926635742187500e+02
7.520664672851562500e+02
1.081023437500000000e+03
2.101391845703125000e+03
1.406360473632812500e+03
9.529459228515625000e+02
1.758173828125000000e+03
1.890114501953125000e+03
1.358349365234375000e+03
1.121819458007812500e+03
1.904526000976562500e+03
1.713526855468750000e+03
1.495114379882812500e+03
1.811415039062500000e+03
1.589561767578125000e+03
1.586935791015625000e+03
1.562817382812500000e+03
1.450404296875000000e+03
1.489474609375000000e+03
1.209494750976562500e+03
1.189248535156250000e+03
1.255710937500000000e+03
9.821491699218750000e+02
1.122597412109375000e+03
1.139245605468750000e+03
9.248964843750000000e+02
1.065445922851562500e+03
1.138569335937500000e+03
1.227772949218750000e+03
1.463694335937500000e+03
1.204760620117187500e+03
9.186797485351562500e+02
9.670088500976562500e+02
8.241515502929687500e+02
9.185179443359375000e+02
1.110036621093750000e+03
1.700406616210937500e+03
1.708018066406250000e+03
1.125097900390625000e+03
1.566535034179687500e+03
2.080122314453125000e+03
1.754308227539062500e+03
1.415836181640625000e+03
1.342965087890625000e+03
1.744934692382812500e+03
1.577213256835937500e+03
1.138451904296875000e+03
1.305204956054687500e+03
1.353484619140625000e+03
9.852278442382812500e+02
1.242465942382812500e+03
1.225610351562500000e+03
9.356768798828125000e+02
1.026947021484375000e+03
9.663074340820312500e+02
9.451498413085937500e+02
8.694686889648437500e+02
9.468909301757812500e+02
9.818377685546875000e+02
1.608633789062500000e+03
1.906024902343750000e+03
1.274462524414062500e+03
1.352405395507812500e+03
1.846386596679687500e+03
1.816891235351562500e+03
1.506219604492187500e+03
1.742585815429687500e+03
1.745160644531250000e+03
1.780233642578125000e+03
1.411295288085937500e+03
1.335204589843750000e+03
1.457831665039062500e+03
1.394906005859375000e+03
1.309978759765625000e+03
1.139454223632812500e+03
1.079768432617187500e+03
1.131970458984375000e+03
9.134269409179687500e+02
1.014635070800781250e+03
9.133501586914062500e+02
9.047676391601562500e+02
9.948348999023437500e+02
1.008912780761718750e+03
1.588727294921875000e+03
1.720233032226562500e+03
1.253026000976562500e+03
1.363934936523437500e+03
1.927037353515625000e+03
1.577206420898437500e+03
1.366975463867187500e+03
1.524185424804687500e+03
1.451826293945312500e+03
1.465616943359375000e+03
1.316921508789062500e+03
1.405551391601562500e+03
1.558651489257812500e+03
1.289133911132812500e+03
1.125324707031250000e+03
1.301587768554687500e+03
1.420682739257812500e+03
1.208229003906250000e+03
1.101876586914062500e+03
1.022981445312500000e+03
9.565131225585937500e+02
9.231380004882812500e+02
9.227138061523437500e+02
1.142262451171875000e+03
1.771192382812500000e+03
1.492949462890625000e+03
1.009743041992187500e+03
1.218990112304687500e+03
1.908332153320312500e+03
1.540882202148437500e+03
1.154722412109375000e+03
2.330529052734375000e+03
1.664369628906250000e+03
2.183683593750000000e+03
1.823826782226562500e+03
1.279553710937500000e+03
1.487884765625000000e+03
1.622066406250000000e+03
1.473647338867187500e+03
1.305863159179687500e+03
1.013070129394531250e+03
1.290573608398437500e+03
1.395092041015625000e+03
1.047085327148437500e+03
1.097082519531250000e+03
9.846501464843750000e+02
9.175731811523437500e+02
9.703325195312500000e+02
8.720218505859375000e+02
1.178349243164062500e+03
1.531716308593750000e+03
1.236000244140625000e+03
1.123978515625000000e+03
1.112011840820312500e+03
1.210254760742187500e+03
1.665159790039062500e+03
1.310562500000000000e+03
9.020115356445312500e+02
1.068421875000000000e+03
1.055524536132812500e+03
1.006073974609375000e+03
1.153415039062500000e+03
1.355486938476562500e+03
1.567710571289062500e+03
1.160679687500000000e+03
9.961149902343750000e+02
9.717692260742187500e+02
1.181522338867187500e+03
1.837719482421875000e+03
1.430512573242187500e+03
1.148049804687500000e+03
1.520474243164062500e+03
1.503972045898437500e+03
1.403963500976562500e+03
1.152540161132812500e+03
1.069129882812500000e+03
1.267049194335937500e+03
1.148384033203125000e+03
9.564648437500000000e+02
1.175998291015625000e+03
1.166368164062500000e+03
8.761528320312500000e+02
1.240121459960937500e+03
1.174611206054687500e+03
1.214285522460937500e+03
1.381001098632812500e+03
1.059917114257812500e+03
1.209305175781250000e+03
1.652853515625000000e+03
1.187815429687500000e+03
9.840079345703125000e+02
8.883609619140625000e+02
8.669948120117187500e+02
1.165433593750000000e+03
1.216527221679687500e+03
1.810161743164062500e+03
1.523235107421875000e+03
1.059454589843750000e+03
1.604962158203125000e+03
1.826615478515625000e+03
1.368006347656250000e+03
1.359583129882812500e+03
1.774779418945312500e+03
1.485621215820312500e+03
1.158403076171875000e+03
1.332153808593750000e+03
1.500034423828125000e+03
1.237160888671875000e+03
1.150756835937500000e+03
1.270312255859375000e+03
1.333379516601562500e+03
1.206195312500000000e+03
1.112203857421875000e+03
1.016558166503906250e+03
9.771137695312500000e+02
1.115288208007812500e+03
1.075380004882812500e+03
1.201877197265625000e+03
1.507420776367187500e+03
1.012895812988281250e+03
9.155450439453125000e+02
1.294431030273437500e+03
1.275706054687500000e+03
1.293837524414062500e+03
1.476180297851562500e+03
9.748500976562500000e+02
8.505394897460937500e+02
1.070550292968750000e+03
1.186840087890625000e+03
2.139425292968750000e+03
1.448288940429687500e+03
1.273853881835937500e+03
2.208512939453125000e+03
1.822724731445312500e+03
2.110418457031250000e+03
1.786441284179687500e+03
1.522666748046875000e+03
1.711391235351562500e+03
1.373549438476562500e+03
1.309854858398437500e+03
1.324536376953125000e+03
1.224529663085937500e+03
1.351281127929687500e+03
1.130686401367187500e+03
1.231804077148437500e+03
1.299886474609375000e+03
1.130059326171875000e+03
1.006704650878906250e+03
9.538009033203125000e+02
1.206367309570312500e+03
1.382951293945312500e+03
1.284317504882812500e+03
1.266010864257812500e+03
1.269827392578125000e+03
1.103306030273437500e+03
1.202978515625000000e+03
1.389588378906250000e+03
1.313920410156250000e+03
1.104373779296875000e+03
1.094415649414062500e+03
1.090793212890625000e+03
1.055437622070312500e+03
1.242939453125000000e+03
1.340346313476562500e+03
1.219998413085937500e+03
9.973258666992187500e+02
9.691662597656250000e+02
1.118199829101562500e+03
1.231265380859375000e+03
1.335822509765625000e+03
1.255962646484375000e+03
1.015661621093750000e+03
1.161822875976562500e+03
1.335328491210937500e+03
1.352363769531250000e+03
1.259827148437500000e+03
1.293799560546875000e+03
1.257386840820312500e+03
1.344733276367187500e+03
1.671995727539062500e+03
1.326153076171875000e+03
9.779539184570312500e+02
1.271269775390625000e+03
1.227118041992187500e+03
1.210231079101562500e+03
1.655782714843750000e+03
1.554055664062500000e+03
1.125361450195312500e+03
1.220869140625000000e+03
1.272323120117187500e+03
1.168552001953125000e+03
1.094447875976562500e+03
1.004955932617187500e+03
1.024937744140625000e+03
9.510383300781250000e+02
9.062980957031250000e+02
1.186596069335937500e+03
1.459789428710937500e+03
1.188234741210937500e+03
9.923452758789062500e+02
1.176353393554687500e+03
1.236573364257812500e+03
1.350822631835937500e+03
1.394933227539062500e+03
1.261992553710937500e+03
9.700970458984375000e+02
1.068130493164062500e+03
1.219186035156250000e+03
1.389692871093750000e+03
1.313304321289062500e+03
1.063499145507812500e+03
9.605725708007812500e+02
1.037627319335937500e+03
8.734356079101562500e+02
1.030899414062500000e+03
1.934277832031250000e+03
1.462918457031250000e+03
9.467214355468750000e+02
1.971997436523437500e+03
1.609424438476562500e+03
1.462563964843750000e+03
1.806978393554687500e+03
1.275816040039062500e+03
1.616242065429687500e+03
2.023928344726562500e+03
1.259335083007812500e+03
1.928947753906250000e+03
1.603890747070312500e+03
1.098350463867187500e+03
1.232979248046875000e+03
1.675656982421875000e+03
1.641361206054687500e+03
1.197885864257812500e+03
1.572448364257812500e+03
1.734592529296875000e+03
1.469377929687500000e+03
1.249678588867187500e+03
1.656923828125000000e+03
1.742151123046875000e+03
1.433579833984375000e+03
1.537312011718750000e+03
1.544707519531250000e+03
1.429625732421875000e+03
1.097729858398437500e+03
1.329261840820312500e+03
1.770755615234375000e+03
1.330093627929687500e+03
1.260099243164062500e+03
1.584467041015625000e+03
1.463927978515625000e+03
1.210622070312500000e+03
1.157365234375000000e+03
1.068130493164062500e+03
1.022231628417968750e+03
9.801134643554687500e+02
1.007041748046875000e+03
9.757158813476562500e+02
9.786687011718750000e+02
1.508766357421875000e+03
1.588318725585937500e+03
1.042893432617187500e+03
1.001057128906250000e+03
1.167032470703125000e+03
1.263921752929687500e+03
1.419466796875000000e+03
1.314695800781250000e+03
9.250139160156250000e+02
1.142406982421875000e+03
1.698444946289062500e+03
1.318697265625000000e+03
9.418370971679687500e+02
1.634310302734375000e+03
1.736616699218750000e+03
1.193126342773437500e+03
1.177141113281250000e+03
1.673797851562500000e+03
1.654756958007812500e+03
1.161966430664062500e+03
1.350852539062500000e+03
1.889236450195312500e+03
1.619070312500000000e+03
1.336239624023437500e+03
1.471798461914062500e+03
1.914499389648437500e+03
1.634379516601562500e+03
1.379880004882812500e+03
1.205030151367187500e+03
1.480631225585937500e+03
1.378536376953125000e+03
1.068053833007812500e+03
1.143829223632812500e+03
1.142645385742187500e+03
9.459005126953125000e+02
1.033017211914062500e+03
9.535921020507812500e+02
8.269951171875000000e+02
1.154917724609375000e+03
1.543422973632812500e+03
1.181718627929687500e+03
7.705671997070312500e+02
8.164131469726562500e+02
7.480433959960937500e+02
7.259856567382812500e+02
7.615101928710937500e+02
1.309598022460937500e+03
2.238410644531250000e+03
1.223513183593750000e+03
1.822122802734375000e+03
1.968426513671875000e+03
1.366392822265625000e+03
1.532887817382812500e+03
1.883871826171875000e+03
1.542693725585937500e+03
1.285539184570312500e+03
1.195478027343750000e+03
1.522377441406250000e+03
1.786811523437500000e+03
1.380141357421875000e+03
1.390912597656250000e+03
1.737418823242187500e+03
1.531322753906250000e+03
1.250639038085937500e+03
1.549482788085937500e+03
1.888323486328125000e+03
1.646268066406250000e+03
1.342659179687500000e+03
1.512682495117187500e+03
1.717045166015625000e+03
1.458356079101562500e+03
1.163156860351562500e+03
1.428730102539062500e+03
1.521364746093750000e+03
1.201105468750000000e+03
1.188915039062500000e+03
1.481223999023437500e+03
1.359535766601562500e+03
1.142859252929687500e+03
1.064688476562500000e+03
1.282569702148437500e+03
1.305807250976562500e+03
1.277111572265625000e+03
1.273596679687500000e+03
1.094735351562500000e+03
1.107681762695312500e+03
1.323314941406250000e+03
1.155090332031250000e+03
1.029093872070312500e+03
1.178518188476562500e+03
1.272064819335937500e+03
1.379566772460937500e+03
1.242560180664062500e+03
1.076697265625000000e+03
1.354109130859375000e+03
1.526508789062500000e+03
1.138190673828125000e+03
8.048214721679687500e+02
9.262064208984375000e+02
1.144864379882812500e+03
1.678040527343750000e+03
1.439164306640625000e+03
9.583370971679687500e+02
1.217181152343750000e+03
2.512123291015625000e+03
1.682854614257812500e+03
2.105377197265625000e+03
9.861466674804687500e+02
1.267518188476562500e+03
1.954869628906250000e+03
1.105054199218750000e+03
1.108770874023437500e+03
1.579622924804687500e+03
1.335250000000000000e+03
9.326740722656250000e+02
1.048681152343750000e+03
1.237050170898437500e+03
1.335064575195312500e+03
1.217651245117187500e+03
1.125998657226562500e+03
8.997548828125000000e+02
1.263218383789062500e+03
1.882420898437500000e+03
1.272104980468750000e+03
1.327180419921875000e+03
2.398140136718750000e+03
1.538034179687500000e+03
2.164217773437500000e+03
1.230069946289062500e+03
1.155741821289062500e+03
1.259821044921875000e+03
1.554255859375000000e+03
1.642245239257812500e+03
1.364157592773437500e+03
1.563981689453125000e+03
1.555162841796875000e+03
1.481720947265625000e+03
1.224270019531250000e+03
1.272085693359375000e+03
1.346528442382812500e+03
1.160622924804687500e+03
1.128497680664062500e+03
1.136463623046875000e+03
9.461372680664062500e+02
1.022494934082031250e+03
9.532604980468750000e+02
9.418906250000000000e+02
1.595419189453125000e+03
1.441576538085937500e+03
1.087437011718750000e+03
1.245562011718750000e+03
1.454424926757812500e+03
1.284027099609375000e+03
1.160923461914062500e+03
1.117604736328125000e+03
1.031412475585937500e+03
1.015999633789062500e+03
9.754096069335937500e+02
9.578365478515625000e+02
9.601576538085937500e+02
9.208494873046875000e+02
1.252332153320312500e+03
1.591829956054687500e+03
9.996338500976562500e+02
7.335711059570312500e+02
1.012744873046875000e+03
1.783827392578125000e+03
1.485431274414062500e+03
9.211093750000000000e+02
1.173536376953125000e+03
2.276095458984375000e+03
1.231604858398437500e+03
1.388635742187500000e+03
2.449859130859375000e+03
1.274226440429687500e+03
2.911923339843750000e+03
9.899615478515625000e+02
3.020130859375000000e+03
1.054328491210937500e+03
2.464986083984375000e+03
9.341558227539062500e+02
1.055312622070312500e+03
3.185625732421875000e+03
1.665140991210937500e+03
3.699940917968750000e+03
2.686160888671875000e+03
3.273587646484375000e+03
3.132154296875000000e+03
2.463111083984375000e+03
2.175497070312500000e+03
3.177837890625000000e+03
2.601413085937500000e+03
3.082412597656250000e+03
2.746126464843750000e+03
2.897867919921875000e+03
2.675341308593750000e+03
2.742056640625000000e+03
2.272698242187500000e+03
3.238861328125000000e+03
2.867704833984375000e+03
2.768270751953125000e+03
2.602848632812500000e+03
2.661210937500000000e+03
2.161557128906250000e+03
3.247614257812500000e+03
2.768774902343750000e+03
2.960374755859375000e+03
2.935765136718750000e+03
2.203400634765625000e+03
1.851324584960937500e+03
3.147356689453125000e+03
2.463967041015625000e+03
3.167203369140625000e+03
3.118962158203125000e+03
2.128608398437500000e+03
2.107121826171875000e+03
2.610557128906250000e+03
1.844221313476562500e+03
3.235785400390625000e+03
2.749007812500000000e+03
2.595327148437500000e+03
2.588988769531250000e+03
2.204755371093750000e+03
1.776273315429687500e+03
2.934397216796875000e+03
2.218071533203125000e+03
2.940005371093750000e+03
2.728268798828125000e+03
2.343207519531250000e+03
2.413124755859375000e+03
2.109308349609375000e+03
1.724080566406250000e+03
2.448465087890625000e+03
1.907225585937500000e+03
2.570189453125000000e+03
1.782857055664062500e+03
2.426523193359375000e+03
1.664162597656250000e+03
2.516436279296875000e+03
2.112888183593750000e+03
2.214546142578125000e+03
1.752780029296875000e+03
2.539866455078125000e+03
2.032969848632812500e+03
2.403676757812500000e+03
2.241265625000000000e+03
1.994469970703125000e+03
1.868468505859375000e+03
2.214157958984375000e+03
1.742108642578125000e+03
2.216513427734375000e+03
1.527487670898437500e+03
2.404882324218750000e+03
1.796424194335937500e+03
2.286790771484375000e+03
1.655080078125000000e+03
2.348346435546875000e+03
1.548404174804687500e+03
2.449713378906250000e+03
1.764371093750000000e+03
2.391781250000000000e+03
1.810460571289062500e+03
2.410429443359375000e+03
1.817423583984375000e+03
2.627390380859375000e+03
2.259612060546875000e+03
2.305719970703125000e+03
2.176916259765625000e+03
2.050107177734375000e+03
1.815577148437500000e+03
2.154929687500000000e+03
1.754683715820312500e+03
2.099828857421875000e+03
1.507799316406250000e+03
2.213517089843750000e+03
1.632700683593750000e+03
2.124470947265625000e+03
1.432690429687500000e+03
1.920381958007812500e+03
1.356479003906250000e+03
1.581916503906250000e+03
1.405631347656250000e+03
1.456216186523437500e+03
1.359345092773437500e+03
1.225517700195312500e+03
1.243090698242187500e+03
1.031705810546875000e+03
9.624631958007812500e+02
1.078712646484375000e+03
9.817655029296875000e+02
8.181235351562500000e+02
8.277927856445312500e+02
7.651124877929687500e+02
8.408247680664062500e+02
7.949314575195312500e+02
9.479909057617187500e+02
1.348874755859375000e+03
9.959890747070312500e+02
7.520266723632812500e+02
1.002472229003906250e+03
1.365969726562500000e+03
1.043030639648437500e+03
7.919693603515625000e+02
1.062760742187500000e+03
1.401720458984375000e+03
1.075267456054687500e+03
8.530142211914062500e+02
1.044966186523437500e+03
1.644838867187500000e+03
1.260000488281250000e+03
1.276272583007812500e+03
1.571779663085937500e+03
1.064325073242187500e+03
1.030646484375000000e+03
1.310648925781250000e+03
1.213981323242187500e+03
1.129630371093750000e+03
8.920756225585937500e+02
8.050739135742187500e+02
1.222535034179687500e+03
1.397885131835937500e+03
9.431284790039062500e+02
9.641829833984375000e+02
1.355574707031250000e+03
1.363853759765625000e+03
1.138732299804687500e+03
1.266140380859375000e+03
1.205528076171875000e+03
1.243296630859375000e+03
1.066067993164062500e+03
9.236020507812500000e+02
1.132351440429687500e+03
1.045825439453125000e+03
8.913960571289062500e+02
8.520813598632812500e+02
8.438425292968750000e+02
9.085347290039062500e+02
1.039116821289062500e+03
1.029331542968750000e+03
1.021832214355468750e+03
9.722316284179687500e+02
1.021508911132812500e+03
1.232450805664062500e+03
1.130264160156250000e+03
9.582527465820312500e+02
8.246011962890625000e+02
9.725750732421875000e+02
1.138279052734375000e+03
1.110879760742187500e+03
9.731080322265625000e+02
7.690919799804687500e+02
8.388972778320312500e+02
8.276716918945312500e+02
7.251236572265625000e+02
8.999305419921875000e+02
1.064186279296875000e+03
1.290897216796875000e+03
1.154581909179687500e+03
7.522504882812500000e+02
7.344924316406250000e+02
8.983155517578125000e+02
1.109154174804687500e+03
1.365561035156250000e+03
1.057827392578125000e+03
7.828796997070312500e+02
1.435889526367187500e+03
1.519171630859375000e+03
1.203004760742187500e+03
1.155009521484375000e+03
1.208309326171875000e+03
1.324934692382812500e+03
1.061527099609375000e+03
8.799376220703125000e+02
1.038598144531250000e+03
9.295755004882812500e+02
8.568676757812500000e+02
1.038257080078125000e+03
9.228145751953125000e+02
9.955616455078125000e+02
1.259700561523437500e+03
9.613957519531250000e+02
7.032039184570312500e+02
7.771607055664062500e+02
9.486265258789062500e+02
1.349051269531250000e+03
1.100815185546875000e+03
7.062475585937500000e+02
8.352744140625000000e+02
1.444100219726562500e+03
1.202048095703125000e+03
7.717868652343750000e+02
1.495999145507812500e+03
1.499369018554687500e+03
1.022884948730468750e+03
1.180707885742187500e+03
1.420384277343750000e+03
1.201122802734375000e+03
9.164801025390625000e+02
1.183937377929687500e+03
1.466559814453125000e+03
1.086993041992187500e+03
1.102856201171875000e+03
1.084561279296875000e+03
9.856549682617187500e+02
9.621838989257812500e+02
9.704518432617187500e+02
1.080362182617187500e+03
1.028976196289062500e+03
8.428659057617187500e+02
9.834958496093750000e+02
1.082525756835937500e+03
9.205970458984375000e+02
9.454935913085937500e+02
1.047046508789062500e+03
9.031328125000000000e+02
9.763644409179687500e+02
9.153654785156250000e+02
9.245061035156250000e+02
1.115139892578125000e+03
9.317841796875000000e+02
8.788176879882812500e+02
1.083853027343750000e+03
9.004828491210937500e+02
9.846973876953125000e+02
1.275606567382812500e+03
8.744886474609375000e+02
8.014963989257812500e+02
8.927834472656250000e+02
7.752200317382812500e+02
1.051892089843750000e+03
1.276356323242187500e+03
8.713576049804687500e+02
8.281495361328125000e+02
9.035708007812500000e+02
7.949505615234375000e+02
8.733616333007812500e+02
8.405640258789062500e+02
9.029790649414062500e+02
1.085002197265625000e+03
1.076916748046875000e+03
9.681234741210937500e+02
8.942514038085937500e+02
9.055126953125000000e+02
1.113159545898437500e+03
1.337990234375000000e+03
1.016829772949218750e+03
7.699652709960937500e+02
9.750170288085937500e+02
9.525287475585937500e+02
7.459788208007812500e+02
7.918657226562500000e+02
7.260413818359375000e+02
7.452649536132812500e+02
7.038711547851562500e+02
9.471093750000000000e+02
1.595648681640625000e+03
1.053801025390625000e+03
8.510479736328125000e+02
2.209344482421875000e+03
1.259548095703125000e+03
1.877186401367187500e+03
1.027774658203125000e+03
9.684074707031250000e+02
9.038641357421875000e+02
1.128730712890625000e+03
1.427863891601562500e+03
1.109619750976562500e+03
1.059899780273437500e+03
1.261475219726562500e+03
1.236330566406250000e+03
1.023033813476562500e+03
9.418278198242187500e+02
9.142711181640625000e+02
9.392119750976562500e+02
9.723869018554687500e+02
8.782543334960937500e+02
7.657753906250000000e+02
8.003956909179687500e+02
8.898465576171875000e+02
9.439700317382812500e+02
1.164544189453125000e+03
1.119280029296875000e+03
8.814649658203125000e+02
8.441895141601562500e+02
6.657707519531250000e+02
8.235396118164062500e+02
7.548285522460937500e+02
6.343226928710937500e+02
8.353900146484375000e+02
1.131210327148437500e+03
1.489750732421875000e+03
1.127632080078125000e+03
7.499467163085937500e+02
1.189949707031250000e+03
1.710129028320312500e+03
1.356675781250000000e+03
1.248495361328125000e+03
1.432780029296875000e+03
1.306423950195312500e+03
1.265343139648437500e+03
1.387066162109375000e+03
1.195566406250000000e+03
1.124257568359375000e+03
8.937774047851562500e+02
8.360039672851562500e+02
8.429974975585937500e+02
7.765743408203125000e+02
9.210487060546875000e+02
1.254608154296875000e+03
1.227810180664062500e+03
8.349623413085937500e+02
7.046904907226562500e+02
9.993488159179687500e+02
1.731852783203125000e+03
1.096296875000000000e+03
8.411647949218750000e+02
1.668822265625000000e+03
1.392370727539062500e+03
1.148726928710937500e+03
1.518274414062500000e+03
1.209784423828125000e+03
1.308491210937500000e+03
1.265679687500000000e+03
1.096638183593750000e+03
1.117238281250000000e+03
1.010016601562500000e+03
8.029257812500000000e+02
9.711385498046875000e+02
9.875062866210937500e+02
8.701842041015625000e+02
9.364393310546875000e+02
9.192329711914062500e+02
1.082410644531250000e+03
1.281216308593750000e+03
9.465316772460937500e+02
7.658364257812500000e+02
9.377221679687500000e+02
1.253191772460937500e+03
1.084007446289062500e+03
8.180523681640625000e+02
7.110415039062500000e+02
7.219795532226562500e+02
1.006437011718750000e+03
1.402232299804687500e+03
1.175189941406250000e+03
7.542162475585937500e+02
6.715123291015625000e+02
1.378306762695312500e+03
1.525635009765625000e+03
9.275419921875000000e+02
1.289909545898437500e+03
1.568869995117187500e+03
1.098279541015625000e+03
9.863767700195312500e+02
1.683813110351562500e+03
1.373969482421875000e+03
1.234900512695312500e+03
1.571822631835937500e+03
1.197609741210937500e+03
1.260051635742187500e+03
1.331085571289062500e+03
1.112903198242187500e+03
9.756930541992187500e+02
1.012808593750000000e+03
8.476660156250000000e+02
9.117952270507812500e+02
9.895058593750000000e+02
9.108046264648437500e+02
1.182900634765625000e+03
1.191034545898437500e+03
8.208300170898437500e+02
9.085490722656250000e+02
1.121378051757812500e+03
1.105616577148437500e+03
9.087193603515625000e+02
8.785274047851562500e+02
7.845457763671875000e+02
9.120720214843750000e+02
1.244340942382812500e+03
1.013562133789062500e+03
6.973447265625000000e+02
1.015950378417968750e+03
1.290759277343750000e+03
9.864602050781250000e+02
7.249122314453125000e+02
7.519356689453125000e+02
7.668778686523437500e+02
1.242177001953125000e+03
1.631214721679687500e+03
1.004616577148437500e+03
1.591503295898437500e+03
1.482901123046875000e+03
1.168048706054687500e+03
1.217231567382812500e+03
1.162272338867187500e+03
1.322102172851562500e+03
9.608759765625000000e+02
9.475488891601562500e+02
1.222201049804687500e+03
1.019096862792968750e+03
7.821073608398437500e+02
9.246448974609375000e+02
8.931087646484375000e+02
8.099678344726562500e+02
7.911272583007812500e+02
7.733092651367187500e+02
7.739020385742187500e+02
8.289995727539062500e+02
1.197192871093750000e+03
1.299252319335937500e+03
9.800339355468750000e+02
8.513394165039062500e+02
1.569531250000000000e+03
1.325418701171875000e+03
1.181796997070312500e+03
1.557457641601562500e+03
1.187520263671875000e+03
1.103355834960937500e+03
9.886718139648437500e+02
1.247885009765625000e+03
1.447971801757812500e+03
1.088055908203125000e+03
1.074730346679687500e+03
1.498323974609375000e+03
1.388559448242187500e+03
1.080194580078125000e+03
1.084650634765625000e+03
1.474422241210937500e+03
1.230276245117187500e+03
9.695754394531250000e+02
1.029130004882812500e+03
1.025716796875000000e+03
8.138397827148437500e+02
9.272130126953125000e+02
9.693195190429687500e+02
8.281903076171875000e+02
9.598706665039062500e+02
8.661949462890625000e+02
8.607361450195312500e+02
1.097940917968750000e+03
1.126827392578125000e+03
9.561771240234375000e+02
8.349083251953125000e+02
8.371464233398437500e+02
8.242243652343750000e+02
1.100494018554687500e+03
1.257155395507812500e+03
8.849659423828125000e+02
7.739191284179687500e+02
1.086851562500000000e+03
9.973945312500000000e+02
9.315571289062500000e+02
1.045853149414062500e+03
8.500900878906250000e+02
1.062167114257812500e+03
1.178167602539062500e+03
9.059335327148437500e+02
1.033808105468750000e+03
9.824004516601562500e+02
1.074263671875000000e+03
1.377768798828125000e+03
9.393618164062500000e+02
7.687305908203125000e+02
1.026510498046875000e+03
1.090109130859375000e+03
1.043814819335937500e+03
9.413226318359375000e+02
7.968831176757812500e+02
7.927189331054687500e+02
7.646286621093750000e+02
8.273093872070312500e+02
1.200537231445312500e+03
1.050738891601562500e+03
9.227200317382812500e+02
9.025669555664062500e+02
9.096638183593750000e+02
1.297955322265625000e+03
1.148116210937500000e+03
7.128197631835937500e+02
1.129175781250000000e+03
1.208674316406250000e+03
8.946803588867187500e+02
9.422506103515625000e+02
8.410855102539062500e+02
1.067946044921875000e+03
1.554817504882812500e+03
1.163536376953125000e+03
1.186099121093750000e+03
1.595768554687500000e+03
1.364847900390625000e+03
1.332644409179687500e+03
1.372016357421875000e+03
1.355564697265625000e+03
1.114998291015625000e+03
9.787337036132812500e+02
1.213864624023437500e+03
1.006535705566406250e+03
8.288976440429687500e+02
9.343694458007812500e+02
7.719724731445312500e+02
8.855565795898437500e+02
8.683375854492187500e+02
8.979302978515625000e+02
1.054329223632812500e+03
1.025156616210937500e+03
1.210023925781250000e+03
1.141447631835937500e+03
7.729248046875000000e+02
8.450465087890625000e+02
8.659866943359375000e+02
7.521403808593750000e+02
1.132158325195312500e+03
1.121442138671875000e+03
8.330623779296875000e+02
1.056123901367187500e+03
9.949433593750000000e+02
1.049976684570312500e+03
1.244352294921875000e+03
9.101322021484375000e+02
9.649082641601562500e+02
1.058848999023437500e+03
7.741171875000000000e+02
9.107030639648437500e+02
8.363650512695312500e+02
7.584160156250000000e+02
8.630388183593750000e+02
6.942926635742187500e+02
8.744384765625000000e+02
1.041957397460937500e+03
1.050668945312500000e+03
1.353967407226562500e+03
1.018696411132812500e+03
7.042929687500000000e+02
9.026887207031250000e+02
8.294130249023437500e+02
6.494705200195312500e+02
7.881123657226562500e+02
7.059904174804687500e+02
1.028960205078125000e+03
1.341408813476562500e+03
9.437888183593750000e+02
7.799904785156250000e+02
7.858896484375000000e+02
6.619234619140625000e+02
8.337159423828125000e+02
9.725850219726562500e+02
1.051555175781250000e+03
1.161211181640625000e+03
1.080167846679687500e+03
1.010060852050781250e+03
8.332078857421875000e+02
8.178939819335937500e+02
9.480633544921875000e+02
8.895895385742187500e+02
1.001108337402343750e+03
9.473493041992187500e+02
7.466370849609375000e+02
1.071669799804687500e+03
1.045569702148437500e+03
8.645014648437500000e+02
1.090608642578125000e+03
1.173479980468750000e+03
9.449208984375000000e+02
9.852915039062500000e+02
1.123940795898437500e+03
1.072086303710937500e+03
1.005120910644531250e+03
9.752463378906250000e+02
9.104448242187500000e+02
1.086184570312500000e+03
1.058359619140625000e+03
1.067082153320312500e+03
1.093044311523437500e+03
8.877347412109375000e+02
8.378245849609375000e+02
9.660258789062500000e+02
8.692176513671875000e+02
1.108210815429687500e+03
1.219562988281250000e+03
1.006941711425781250e+03
8.622918701171875000e+02
8.555214843750000000e+02
8.041213989257812500e+02
8.944713745117187500e+02
1.201598388671875000e+03
1.196529174804687500e+03
1.030836181640625000e+03
8.387766113281250000e+02
7.557070922851562500e+02
8.182377929687500000e+02
9.479042968750000000e+02
1.386768798828125000e+03
1.246649902343750000e+03
8.450972290039062500e+02
9.326925659179687500e+02
1.360213867187500000e+03
1.269139282226562500e+03
9.974016113281250000e+02
1.028846191406250000e+03
1.040556152343750000e+03
1.082724731445312500e+03
1.149920288085937500e+03
1.084925903320312500e+03
8.505737915039062500e+02
8.833881835937500000e+02
8.645845336914062500e+02
7.882686767578125000e+02
9.143771362304687500e+02
1.135632568359375000e+03
1.209406982421875000e+03
1.005759521484375000e+03
7.239023437500000000e+02
7.404868164062500000e+02
9.400336914062500000e+02
1.424060302734375000e+03
1.370337036132812500e+03
8.872509765625000000e+02
1.249484985351562500e+03
1.760873901367187500e+03
1.127013549804687500e+03
1.059171020507812500e+03
1.485711914062500000e+03
1.514672241210937500e+03
1.272810302734375000e+03
1.289883422851562500e+03
1.237381835937500000e+03
1.273566528320312500e+03
1.016155700683593750e+03
1.043210327148437500e+03
1.201632446289062500e+03
9.898505859375000000e+02
8.922329711914062500e+02
9.269589843750000000e+02
7.483007812500000000e+02
7.872347412109375000e+02
7.910794677734375000e+02
6.880179443359375000e+02
8.219876098632812500e+02
1.352708862304687500e+03
1.481260009765625000e+03
9.906757202148437500e+02
1.270021118164062500e+03
1.805289184570312500e+03
1.199768066406250000e+03
1.367116821289062500e+03
1.601533325195312500e+03
1.251073364257812500e+03
1.079850097656250000e+03
1.195327514648437500e+03
1.579950073242187500e+03
1.522161865234375000e+03
1.394153686523437500e+03
1.056313720703125000e+03
1.210066772460937500e+03
1.215192993164062500e+03
9.131340332031250000e+02
9.928945312500000000e+02
1.089099731445312500e+03
8.957281494140625000e+02
9.227454223632812500e+02
9.674946899414062500e+02
1.066996337890625000e+03
1.193323120117187500e+03
1.097706665039062500e+03
9.701402587890625000e+02
9.305869140625000000e+02
9.414197387695312500e+02
1.523750610351562500e+03
1.178437866210937500e+03
9.880189819335937500e+02
1.908901977539062500e+03
1.474282714843750000e+03
1.615107910156250000e+03
1.533235229492187500e+03
1.086410888671875000e+03
1.596246948242187500e+03
1.520483276367187500e+03
1.027170776367187500e+03
1.341095458984375000e+03
1.381420288085937500e+03
1.313733276367187500e+03
1.233661254882812500e+03
1.293102905273437500e+03
1.405516601562500000e+03
1.148152709960937500e+03
9.152031860351562500e+02
1.326858032226562500e+03
1.239190063476562500e+03
9.589864501953125000e+02
1.175358032226562500e+03
1.551423950195312500e+03
1.183056274414062500e+03
1.140087402343750000e+03
1.329746337890625000e+03
1.411353149414062500e+03
1.087629882812500000e+03
1.052555541992187500e+03
1.502289428710937500e+03
1.378370361328125000e+03
1.132936401367187500e+03
1.168310668945312500e+03
1.245618530273437500e+03
1.081384521484375000e+03
9.819972534179687500e+02
9.461857910156250000e+02
9.889184570312500000e+02
9.425123291015625000e+02
7.776751708984375000e+02
7.313444824218750000e+02
7.792855834960937500e+02
7.097380371093750000e+02
7.771093750000000000e+02
1.300388061523437500e+03
1.493510620117187500e+03
8.371187133789062500e+02
1.260114746093750000e+03
1.971864379882812500e+03
1.469695068359375000e+03
1.620822265625000000e+03
8.974509887695312500e+02
1.045319091796875000e+03
1.031017456054687500e+03
1.049565429687500000e+03
1.211608154296875000e+03
1.029023559570312500e+03
8.424505615234375000e+02
9.676826171875000000e+02
1.090195556640625000e+03
9.176649780273437500e+02
8.464465332031250000e+02
8.643462524414062500e+02
7.601875610351562500e+02
8.453568115234375000e+02
1.134492309570312500e+03
1.319547241210937500e+03
1.040611938476562500e+03
7.591770629882812500e+02
7.416071777343750000e+02
1.005625305175781250e+03
1.082118774414062500e+03
9.569182128906250000e+02
1.072445922851562500e+03
9.602273559570312500e+02
8.034468994140625000e+02
1.159316772460937500e+03
1.318294189453125000e+03
9.048735351562500000e+02
7.169907226562500000e+02
1.361296875000000000e+03
1.726082275390625000e+03
1.218770507812500000e+03
1.415505737304687500e+03
1.049171142578125000e+03
1.216729980468750000e+03
1.050680908203125000e+03
6.133540649414062500e+02
8.894099731445312500e+02
1.531627441406250000e+03
1.175334716796875000e+03
9.667222900390625000e+02
1.593432495117187500e+03
1.327031372070312500e+03
1.226920898437500000e+03
1.428926147460937500e+03
1.082767333984375000e+03
9.333547363281250000e+02
1.074412475585937500e+03
1.067774902343750000e+03
8.795250244140625000e+02
8.122080688476562500e+02
9.780325317382812500e+02
8.398984375000000000e+02
7.000939331054687500e+02
8.531829223632812500e+02
8.415920410156250000e+02
8.133096923828125000e+02
1.089122558593750000e+03
1.397393188476562500e+03
9.910283203125000000e+02
8.538372802734375000e+02
1.954180297851562500e+03
1.283203979492187500e+03
1.690276123046875000e+03
1.466064086914062500e+03
8.222196044921875000e+02
2.004273925781250000e+03
1.312880493164062500e+03
1.611891235351562500e+03
2.063267333984375000e+03
1.406678710937500000e+03
2.268294677734375000e+03
1.257752197265625000e+03
2.116731933593750000e+03
1.309264160156250000e+03
2.047374633789062500e+03
1.086197998046875000e+03
1.172495483398437500e+03
1.778523559570312500e+03
1.408485717773437500e+03
1.486482299804687500e+03
1.109568847656250000e+03
1.137506103515625000e+03
1.137028442382812500e+03
8.565267333984375000e+02
8.195279541015625000e+02
9.557211303710937500e+02
7.373333740234375000e+02
6.716076660156250000e+02
9.149750366210937500e+02
8.811267089843750000e+02
1.142019897460937500e+03
1.471328002929687500e+03
9.159765625000000000e+02
8.799196166992187500e+02
2.097357666015625000e+03
1.236876464843750000e+03
1.661418701171875000e+03
1.161702880859375000e+03
9.786289672851562500e+02
9.178906860351562500e+02
8.656320800781250000e+02
9.343775634765625000e+02
9.927894287109375000e+02
8.996615600585937500e+02
6.994751586914062500e+02
8.067134399414062500e+02
8.460458374023437500e+02
9.119227905273437500e+02
1.401372192382812500e+03
1.105089965820312500e+03
7.838285522460937500e+02
1.818600463867187500e+03
1.345674194335937500e+03
1.368047363281250000e+03
1.597547363281250000e+03
1.096630615234375000e+03
1.578880004882812500e+03
1.587625000000000000e+03
1.057447998046875000e+03
1.392703491210937500e+03
1.391654296875000000e+03
1.287648437500000000e+03
1.113238769531250000e+03
1.114150146484375000e+03
1.214272949218750000e+03
9.399210815429687500e+02
7.845783081054687500e+02
8.613191528320312500e+02
8.301481933593750000e+02
8.018368530273437500e+02
7.114376220703125000e+02
7.299613647460937500e+02
6.697487792968750000e+02
8.452432861328125000e+02
1.314928833007812500e+03
1.119680419921875000e+03
7.362896118164062500e+02
6.470237426757812500e+02
1.007648437500000000e+03
1.774401245117187500e+03
1.083655639648437500e+03
1.108236694335937500e+03
1.718657958984375000e+03
1.069385864257812500e+03
1.002155944824218750e+03
1.910977661132812500e+03
1.057814941406250000e+03
1.730260375976562500e+03
1.702593505859375000e+03
1.006856994628906250e+03
2.200135498046875000e+03
1.166057373046875000e+03
2.313552001953125000e+03
1.100357666015625000e+03
1.423468872070312500e+03
1.569446533203125000e+03
1.209065917968750000e+03
1.326447143554687500e+03
1.404280395507812500e+03
1.002238891601562500e+03
9.749129028320312500e+02
1.046579101562500000e+03
1.209372680664062500e+03
1.199174560546875000e+03
9.164500122070312500e+02
8.543029174804687500e+02
1.200128784179687500e+03
1.323336059570312500e+03
1.022147033691406250e+03
9.822944946289062500e+02
1.341476562500000000e+03
1.325174682617187500e+03
1.118207763671875000e+03
1.097807861328125000e+03
1.250854736328125000e+03
1.224951538085937500e+03
9.433150634765625000e+02
9.848026123046875000e+02
1.360493896484375000e+03
1.225302246093750000e+03
1.022690307617187500e+03
1.063517944335937500e+03
1.150483032226562500e+03
1.098608398437500000e+03
9.025870361328125000e+02
8.924949951171875000e+02
9.184708862304687500e+02
7.665486450195312500e+02
7.632479248046875000e+02
8.508253173828125000e+02
9.431422729492187500e+02
1.259183593750000000e+03
1.177461547851562500e+03
8.942871704101562500e+02
8.763002929687500000e+02
1.201438110351562500e+03
1.345963012695312500e+03
1.027320312500000000e+03
1.111393920898437500e+03
1.386572021484375000e+03
1.217416259765625000e+03
9.969940185546875000e+02
1.100365112304687500e+03
1.348151367187500000e+03
1.161239990234375000e+03
9.119785766601562500e+02
1.214678344726562500e+03
1.393289306640625000e+03
1.125528564453125000e+03
9.629927978515625000e+02
1.118484741210937500e+03
1.270219726562500000e+03
1.063874511718750000e+03
8.025083007812500000e+02
8.319161376953125000e+02
9.164982299804687500e+02
7.454742431640625000e+02
7.289086303710937500e+02
8.309164428710937500e+02
6.646467895507812500e+02
6.420816650390625000e+02
7.730144653320312500e+02
9.795015258789062500e+02
1.389557983398437500e+03
1.180020507812500000e+03
7.644883422851562500e+02
9.380557861328125000e+02
1.574910522460937500e+03
1.326297851562500000e+03
1.245413330078125000e+03
1.678411010742187500e+03
1.063765136718750000e+03
1.387317260742187500e+03
1.593876464843750000e+03
1.050540283203125000e+03
1.045280029296875000e+03
1.260183349609375000e+03
1.173213256835937500e+03
1.003347961425781250e+03
1.007826721191406250e+03
1.179718383789062500e+03
1.092940551757812500e+03
1.012431091308593750e+03
9.092126464843750000e+02
1.012544189453125000e+03
1.034508544921875000e+03
9.433777465820312500e+02
8.328333129882812500e+02
7.766967163085937500e+02
8.455853271484375000e+02
9.393096313476562500e+02
9.575891723632812500e+02
1.207014038085937500e+03
1.286580444335937500e+03
9.041057739257812500e+02
1.033650390625000000e+03
1.791299194335937500e+03
1.377950195312500000e+03
1.497378173828125000e+03
1.145445800781250000e+03
9.697658691406250000e+02
9.347587890625000000e+02
7.874821777343750000e+02
7.964269409179687500e+02
9.538466186523437500e+02
1.081432861328125000e+03
8.528503417968750000e+02
7.460861206054687500e+02
7.718223876953125000e+02
9.858207397460937500e+02
1.449240234375000000e+03
1.028065795898437500e+03
7.505521240234375000e+02
1.315713745117187500e+03
1.599326782226562500e+03
1.131181762695312500e+03
1.182885009765625000e+03
1.297131591796875000e+03
1.259451660156250000e+03
1.028801391601562500e+03
9.667326660156250000e+02
1.346326416015625000e+03
1.350634521484375000e+03
1.209787475585937500e+03
1.185958862304687500e+03
1.248400756835937500e+03
1.196726196289062500e+03
1.002280395507812500e+03
1.073763671875000000e+03
1.438697998046875000e+03
1.222138549804687500e+03
1.196670043945312500e+03
1.198027709960937500e+03
1.206385375976562500e+03
1.141166625976562500e+03
9.930429077148437500e+02
9.476125488281250000e+02
1.144194091796875000e+03
1.269653686523437500e+03
1.071858886718750000e+03
1.003535888671875000e+03
1.160805664062500000e+03
1.279808105468750000e+03
1.075317871093750000e+03
9.822014160156250000e+02
1.157338867187500000e+03
1.344963867187500000e+03
1.076137084960937500e+03
1.030674804687500000e+03
1.244600219726562500e+03
1.269372680664062500e+03
1.080296020507812500e+03
1.098139648437500000e+03
1.241239624023437500e+03
1.158489013671875000e+03
9.327103881835937500e+02
9.061471557617187500e+02
9.353320922851562500e+02
1.022079711914062500e+03
9.371306152343750000e+02
9.159451293945312500e+02
9.324539794921875000e+02
7.307127075195312500e+02
8.083207397460937500e+02
8.222737426757812500e+02
6.789771118164062500e+02
1.148497314453125000e+03
1.447251464843750000e+03
8.622890625000000000e+02
1.099984741210937500e+03
1.652237548828125000e+03
1.311548217773437500e+03
1.264938720703125000e+03
1.186711791992187500e+03
1.188150268554687500e+03
9.706331176757812500e+02
8.617330322265625000e+02
9.829446411132812500e+02
8.446024169921875000e+02
6.871954956054687500e+02
8.928861083984375000e+02
9.165632934570312500e+02
1.101250488281250000e+03
1.314364135742187500e+03
9.964413452148437500e+02
7.341936035156250000e+02
1.045731689453125000e+03
1.585584228515625000e+03
1.075981811523437500e+03
1.177633178710937500e+03
1.228052124023437500e+03
1.101390747070312500e+03
9.131528320312500000e+02
8.402814331054687500e+02
9.909974365234375000e+02
9.991934204101562500e+02
8.229777832031250000e+02
8.185554199218750000e+02
8.556531372070312500e+02
8.247835693359375000e+02
1.170206420898437500e+03
1.327108276367187500e+03
9.209008789062500000e+02
7.362345581054687500e+02
1.436386108398437500e+03
1.424907104492187500e+03
1.206995239257812500e+03
1.519137207031250000e+03
1.227260620117187500e+03
1.369936889648437500e+03
1.296769042968750000e+03
1.022115295410156250e+03
1.146491333007812500e+03
1.111409179687500000e+03
8.946325683593750000e+02
1.068185180664062500e+03
1.121973510742187500e+03
8.190652465820312500e+02
8.140139160156250000e+02
1.001307922363281250e+03
8.985464477539062500e+02
9.259316406250000000e+02
1.286913696289062500e+03
1.051189086914062500e+03
7.089273681640625000e+02
1.373200317382812500e+03
1.480468505859375000e+03
1.070551513671875000e+03
1.349864135742187500e+03
1.286227050781250000e+03
1.138697753906250000e+03
9.673592529296875000e+02
1.090531738281250000e+03
1.283762817382812500e+03
1.060194458007812500e+03
9.242442626953125000e+02
1.323977050781250000e+03
1.280032714843750000e+03
1.037442260742187500e+03
1.156231689453125000e+03
1.358943603515625000e+03
1.218064697265625000e+03
1.131677734375000000e+03
1.031888305664062500e+03
1.219791625976562500e+03
1.030022949218750000e+03
8.383966064453125000e+02
1.005799804687500000e+03
8.772720336914062500e+02
7.546885986328125000e+02
8.782471923828125000e+02
6.918679809570312500e+02
8.768322143554687500e+02
1.019594726562500000e+03
7.462095336914062500e+02
9.028389892578125000e+02
9.472852783203125000e+02
8.880140991210937500e+02
1.206753784179687500e+03
1.135578002929687500e+03
7.727901611328125000e+02
7.537153930664062500e+02
7.761296386718750000e+02
6.632786254882812500e+02
6.983564453125000000e+02
7.335936279296875000e+02
7.242142333984375000e+02
1.234872314453125000e+03
1.450089843750000000e+03
1.000079101562500000e+03
1.365050537109375000e+03
1.422097900390625000e+03
1.303162231445312500e+03
1.046254882812500000e+03
1.209760498046875000e+03
1.671288452148437500e+03
1.478075195312500000e+03
1.170611328125000000e+03
9.867489013671875000e+02
1.322791992187500000e+03
1.053290649414062500e+03
7.858854980468750000e+02
1.012158325195312500e+03
9.911685180664062500e+02
7.320407104492187500e+02
7.879358520507812500e+02
8.774361572265625000e+02
7.730502319335937500e+02
1.022211486816406250e+03
1.386927246093750000e+03
9.346995239257812500e+02
7.932226562500000000e+02
1.539081176757812500e+03
1.449874877929687500e+03
1.182317382812500000e+03
1.403000976562500000e+03
1.532319091796875000e+03
1.470151733398437500e+03
1.215136352539062500e+03
1.034327758789062500e+03
1.499271240234375000e+03
1.399942626953125000e+03
9.327722167968750000e+02
1.038958129882812500e+03
1.313655395507812500e+03
1.111870971679687500e+03
8.888745117187500000e+02
9.984443969726562500e+02
1.066170166015625000e+03
8.871386718750000000e+02
8.806850585937500000e+02
9.644500122070312500e+02
8.776839599609375000e+02
8.141963500976562500e+02
9.660343017578125000e+02
1.139090698242187500e+03
9.942891845703125000e+02
9.194428710937500000e+02
9.145194702148437500e+02
8.977282714843750000e+02
1.160520141601562500e+03
1.189304809570312500e+03
8.283875122070312500e+02
7.953304443359375000e+02
1.103562377929687500e+03
1.148136962890625000e+03
8.288077392578125000e+02
8.394896240234375000e+02
8.047630615234375000e+02
1.095153808593750000e+03
1.574553100585937500e+03
1.240405029296875000e+03
1.203071777343750000e+03
1.223793334960937500e+03
1.344543945312500000e+03
1.134786865234375000e+03
9.766176147460937500e+02
1.247009277343750000e+03
1.140648681640625000e+03
9.373973388671875000e+02
9.938114624023437500e+02
1.050210327148437500e+03
9.652631835937500000e+02
8.889814453125000000e+02
8.928860473632812500e+02
7.622265625000000000e+02
8.129268798828125000e+02
9.311898193359375000e+02
9.390199584960937500e+02
1.252466064453125000e+03
1.201343505859375000e+03
7.522623291015625000e+02
9.251610717773437500e+02
1.471469726562500000e+03
1.214331176757812500e+03
1.056365600585937500e+03
1.678970581054687500e+03
1.288200317382812500e+03
1.584639160156250000e+03
1.482003540039062500e+03
1.068151000976562500e+03
9.873235473632812500e+02
1.089367431640625000e+03
1.245880493164062500e+03
1.181552246093750000e+03
9.740629272460937500e+02
9.828258666992187500e+02
9.114041137695312500e+02
7.560775146484375000e+02
9.060021972656250000e+02
9.527761840820312500e+02
8.402658081054687500e+02
9.797130737304687500e+02
9.804022216796875000e+02
9.379819335937500000e+02
1.185470703125000000e+03
1.109251708984375000e+03
7.731034545898437500e+02
8.880804443359375000e+02
1.395772949218750000e+03
9.999384765625000000e+02
6.402767944335937500e+02
1.364579101562500000e+03
1.649100585937500000e+03
1.263834594726562500e+03
1.391019165039062500e+03
1.096613037109375000e+03
1.181718505859375000e+03
1.143812255859375000e+03
9.256291503906250000e+02
1.092366943359375000e+03
9.102300415039062500e+02
7.253048095703125000e+02
9.352055053710937500e+02
8.967366333007812500e+02
8.940471191406250000e+02
1.028023559570312500e+03
8.689397583007812500e+02
7.675631713867187500e+02
1.228769653320312500e+03
1.435888061523437500e+03
9.047745361328125000e+02
1.304831787109375000e+03
1.692864135742187500e+03
1.304747558593750000e+03
1.219698608398437500e+03
1.312609252929687500e+03
1.435390258789062500e+03
1.252104003906250000e+03
9.195658569335937500e+02
1.011909973144531250e+03
1.236147827148437500e+03
9.891096801757812500e+02
8.711789550781250000e+02
8.618301391601562500e+02
8.319827270507812500e+02
8.253853759765625000e+02
8.052940063476562500e+02
1.120806762695312500e+03
1.229667846679687500e+03
8.040949096679687500e+02
7.205137939453125000e+02
7.429030151367187500e+02
7.180140991210937500e+02
1.175340942382812500e+03
1.373759155273437500e+03
8.749956054687500000e+02
9.474845581054687500e+02
2.026430786132812500e+03
1.366144042968750000e+03
1.736775268554687500e+03
8.062086181640625000e+02
9.379769897460937500e+02
1.471240112304687500e+03
1.011845092773437500e+03
8.671646728515625000e+02
1.329063598632812500e+03
1.426799560546875000e+03
1.104949096679687500e+03
1.139937988281250000e+03
1.139055541992187500e+03
1.196517089843750000e+03
1.033664550781250000e+03
8.655305786132812500e+02
1.091608154296875000e+03
1.345290039062500000e+03
1.007991088867187500e+03
8.353276367187500000e+02
1.248989868164062500e+03
1.420672851562500000e+03
1.033866210937500000e+03
1.244210693359375000e+03
1.446674194335937500e+03
1.190579956054687500e+03
1.048503417968750000e+03
1.244848999023437500e+03
1.376600585937500000e+03
1.183820312500000000e+03
1.114036132812500000e+03
1.105035644531250000e+03
1.105432739257812500e+03
1.032239135742187500e+03
8.906785278320312500e+02
8.350088500976562500e+02
8.348375244140625000e+02
7.790844116210937500e+02
7.259246215820312500e+02
6.932835693359375000e+02
7.132593994140625000e+02
1.013523986816406250e+03
1.243664062500000000e+03
9.801513671875000000e+02
7.813607788085937500e+02
7.214138793945312500e+02
9.879176635742187500e+02
1.525853027343750000e+03
1.011858032226562500e+03
9.855180664062500000e+02
2.098249755859375000e+03
1.167262817382812500e+03
2.377369140625000000e+03
8.407515258789062500e+02
2.283480468750000000e+03
1.044091796875000000e+03
1.969344360351562500e+03
1.114244018554687500e+03
9.756408081054687500e+02
1.925329467773437500e+03
9.865612792968750000e+02
1.798572387695312500e+03
1.430918457031250000e+03
1.147460571289062500e+03
1.936818481445312500e+03
1.059747436523437500e+03
1.760934936523437500e+03
1.234295166015625000e+03
9.950156860351562500e+02
1.276279052734375000e+03
1.165219604492187500e+03
9.450753784179687500e+02
1.008719970703125000e+03
1.225578979492187500e+03
1.197904541015625000e+03
8.933589477539062500e+02
9.379661865234375000e+02
1.185784912109375000e+03
1.029573120117187500e+03
8.193503417968750000e+02
9.319632568359375000e+02
1.029787597656250000e+03
9.360047607421875000e+02
8.541387939453125000e+02
7.641401367187500000e+02
7.457655029296875000e+02
7.451447143554687500e+02
6.100372314453125000e+02
7.166255493164062500e+02
7.963115844726562500e+02
1.017082275390625000e+03
1.642668212890625000e+03
1.040011962890625000e+03
1.124191650390625000e+03
1.721158813476562500e+03
1.138050048828125000e+03
1.463398071289062500e+03
1.488086059570312500e+03
8.572228393554687500e+02
9.346168823242187500e+02
1.298617675781250000e+03
1.251058837890625000e+03
1.052671142578125000e+03
8.132839965820312500e+02
1.048979003906250000e+03
1.653532104492187500e+03
1.171234252929687500e+03
1.387806884765625000e+03
1.202184814453125000e+03
9.642992553710937500e+02
7.653438720703125000e+02
8.063843383789062500e+02
1.419137329101562500e+03
1.145111938476562500e+03
9.381032104492187500e+02
1.511524047851562500e+03
1.248125244140625000e+03
1.079259643554687500e+03
1.118401245117187500e+03
1.228120361328125000e+03
1.145072753906250000e+03
9.616539916992187500e+02
8.679160156250000000e+02
1.070501953125000000e+03
9.801205444335937500e+02
7.866942749023437500e+02
8.432610473632812500e+02
8.451364746093750000e+02
9.012481079101562500e+02
1.181547607421875000e+03
1.044638793945312500e+03
7.171878051757812500e+02
6.852534790039062500e+02
9.988563232421875000e+02
1.253955200195312500e+03
9.224620971679687500e+02
6.919956665039062500e+02
9.312991333007812500e+02
1.270908691406250000e+03
1.062019775390625000e+03
7.382512817382812500e+02
8.631087646484375000e+02
1.496881225585937500e+03
1.143692871093750000e+03
8.318128051757812500e+02
1.456748657226562500e+03
1.366594848632812500e+03
1.046679687500000000e+03
1.014534118652343750e+03
1.183414062500000000e+03
1.443965087890625000e+03
1.156632568359375000e+03
1.159845703125000000e+03
1.457607055664062500e+03
1.375008544921875000e+03
1.286846313476562500e+03
1.015763488769531250e+03
1.081573852539062500e+03
1.099646972656250000e+03
8.823338012695312500e+02
8.123604736328125000e+02
9.109996337890625000e+02
8.112608642578125000e+02
7.319677734375000000e+02
9.067036132812500000e+02
1.276308837890625000e+03
8.844315795898437500e+02
6.804689941406250000e+02
1.116078247070312500e+03
1.484820434570312500e+03
1.033826782226562500e+03
1.122950195312500000e+03
1.567545654296875000e+03
1.112076904296875000e+03
1.220538085937500000e+03
1.088146240234375000e+03
1.132031738281250000e+03
9.819254760742187500e+02
8.116674804687500000e+02
7.795185546875000000e+02
7.778024902343750000e+02
8.576893920898437500e+02
8.758029785156250000e+02
8.705914306640625000e+02
1.079421020507812500e+03
1.021683654785156250e+03
8.398831176757812500e+02
7.385102539062500000e+02
9.435244140625000000e+02
1.292335937500000000e+03
8.640490112304687500e+02
5.520518798828125000e+02
7.297509765625000000e+02
1.026675048828125000e+03
1.746524902343750000e+03
1.053206420898437500e+03
1.277653930664062500e+03
1.491280883789062500e+03
1.032401489257812500e+03
1.032690551757812500e+03
1.821640014648437500e+03
1.002091613769531250e+03
1.592054809570312500e+03
1.212054077148437500e+03
8.878161010742187500e+02
1.400108642578125000e+03
1.214135864257812500e+03
9.185669555664062500e+02
1.129008178710937500e+03
1.169005493164062500e+03
9.079475097656250000e+02
8.797678833007812500e+02
8.838716430664062500e+02
8.884067382812500000e+02
9.115665893554687500e+02
8.051337890625000000e+02
8.712172851562500000e+02
1.085292236328125000e+03
1.012339843750000000e+03
6.279666137695312500e+02
6.169381103515625000e+02
6.000534667968750000e+02
5.682042846679687500e+02
6.136463623046875000e+02
1.131827636718750000e+03
1.664281127929687500e+03
1.107623413085937500e+03
1.184919433593750000e+03
1.347400878906250000e+03
1.096526123046875000e+03
9.416904907226562500e+02
1.442741699218750000e+03
1.160448608398437500e+03
1.092251831054687500e+03
1.180868041992187500e+03
1.150274291992187500e+03
1.188125244140625000e+03
9.336450805664062500e+02
8.826182861328125000e+02
1.177279785156250000e+03
1.029719238281250000e+03
8.194127197265625000e+02
9.533164672851562500e+02
1.241811889648437500e+03
1.036226196289062500e+03
9.139251708984375000e+02
9.456401977539062500e+02
1.165633300781250000e+03
1.080469360351562500e+03
8.804122314453125000e+02
8.811923217773437500e+02
1.032078369140625000e+03
1.015111083984375000e+03
9.191496582031250000e+02
7.753414916992187500e+02
7.215219726562500000e+02
7.571950073242187500e+02
6.824550781250000000e+02
6.671397705078125000e+02
6.231762084960937500e+02
6.419630126953125000e+02
1.078054931640625000e+03
1.345478881835937500e+03
8.591153564453125000e+02
8.154745483398437500e+02
1.801635009765625000e+03
1.279250122070312500e+03
1.419508178710937500e+03
1.153860351562500000e+03
9.928933715820312500e+02
9.422866210937500000e+02
7.251407470703125000e+02
7.905926513671875000e+02
8.772542114257812500e+02
9.318845825195312500e+02
1.165881713867187500e+03
9.319528198242187500e+02
6.154413452148437500e+02
6.711358032226562500e+02
7.395798339843750000e+02
7.390841674804687500e+02
1.185786865234375000e+03
1.126254150390625000e+03
7.225039672851562500e+02
7.048831176757812500e+02
1.376864257812500000e+03
1.147388916015625000e+03
8.733695068359375000e+02
1.434707275390625000e+03
1.190048217773437500e+03
1.033194580078125000e+03
9.237442016601562500e+02
1.261155151367187500e+03
1.455424438476562500e+03
1.356413330078125000e+03
1.245853515625000000e+03
1.038434082031250000e+03
1.128128662109375000e+03
9.321530151367187500e+02
8.065877075195312500e+02
9.253142089843750000e+02
7.980952148437500000e+02
7.347923583984375000e+02
8.239797973632812500e+02
7.418665771484375000e+02
8.512550048828125000e+02
1.089155639648437500e+03
9.596181640625000000e+02
8.160090332031250000e+02
8.902930297851562500e+02
8.039375000000000000e+02
8.873830566406250000e+02
1.203007690429687500e+03
1.101256591796875000e+03
6.799783935546875000e+02
6.254127197265625000e+02
1.153829956054687500e+03
1.540449707031250000e+03
1.078145996093750000e+03
1.189984497070312500e+03
1.171402587890625000e+03
1.198326293945312500e+03
9.221154785156250000e+02
8.919229125976562500e+02
1.531727783203125000e+03
1.360970825195312500e+03
1.269489746093750000e+03
1.210888671875000000e+03
1.280952880859375000e+03
1.171858032226562500e+03
8.941068725585937500e+02
1.111457641601562500e+03
1.111469970703125000e+03
7.448264160156250000e+02
9.341137695312500000e+02
9.855335083007812500e+02
7.311209716796875000e+02
7.648965454101562500e+02
7.197111206054687500e+02
6.253236694335937500e+02
6.821613769531250000e+02
6.463956298828125000e+02
6.009417724609375000e+02
6.269190063476562500e+02
9.664371337890625000e+02
1.681607788085937500e+03
8.943396606445312500e+02
1.453156494140625000e+03
1.590483886718750000e+03
9.766492309570312500e+02
1.420619628906250000e+03
1.204540771484375000e+03
1.032106933593750000e+03
7.264146118164062500e+02
5.407113037109375000e+02
7.897194213867187500e+02
8.691691894531250000e+02
1.170171264648437500e+03
1.216741577148437500e+03
8.994497070312500000e+02
6.363326416015625000e+02
1.193374633789062500e+03
1.352544677734375000e+03
9.210334472656250000e+02
1.153878906250000000e+03
1.332734008789062500e+03
1.156187377929687500e+03
9.683392944335937500e+02
1.200260498046875000e+03
1.417643920898437500e+03
1.196816406250000000e+03
1.056131225585937500e+03
1.094220825195312500e+03
1.095619506835937500e+03
9.052507934570312500e+02
9.116588745117187500e+02
8.220797119140625000e+02
8.175710449218750000e+02
8.135289306640625000e+02
7.149635009765625000e+02
7.840934448242187500e+02
6.484921875000000000e+02
6.965252075195312500e+02
7.427315063476562500e+02
5.785268554687500000e+02
7.551063842773437500e+02
1.011414733886718750e+03
1.102331542968750000e+03
9.603730468750000000e+02
7.654027099609375000e+02
7.844908447265625000e+02
1.014774475097656250e+03
1.079312255859375000e+03
9.816715087890625000e+02
7.084554443359375000e+02
9.842187500000000000e+02
1.546467651367187500e+03
1.107942504882812500e+03
1.256809814453125000e+03
1.280696533203125000e+03
1.067325073242187500e+03
8.511156616210937500e+02
6.793796386718750000e+02
1.502175537109375000e+03
1.312115356445312500e+03
1.259433715820312500e+03
1.399275390625000000e+03
1.096053344726562500e+03
1.278620483398437500e+03
1.204026855468750000e+03
9.388018188476562500e+02
9.360974731445312500e+02
7.998981933593750000e+02
8.133679199218750000e+02
9.480908203125000000e+02
9.471043090820312500e+02
8.476383056640625000e+02
8.552506103515625000e+02
1.106253417968750000e+03
1.139966308593750000e+03
8.291906127929687500e+02
5.816337280273437500e+02
8.468254394531250000e+02
1.488463012695312500e+03
1.005320678710937500e+03
7.956494750976562500e+02
1.516570068359375000e+03
1.108332275390625000e+03
1.062365844726562500e+03
1.989945068359375000e+03
1.154010375976562500e+03
2.382241455078125000e+03
1.281724853515625000e+03
2.552043945312500000e+03
1.495768188476562500e+03
3.223286376953125000e+03
3.088265380859375000e+03
1.752476196289062500e+03
2.733732910156250000e+03
1.023728698730468750e+03
2.238151367187500000e+03
8.696396484375000000e+02
2.083232910156250000e+03
9.688659057617187500e+02
1.419445556640625000e+03
1.594293090820312500e+03
1.012827392578125000e+03
1.363514526367187500e+03
9.419456176757812500e+02
9.518838500976562500e+02
8.790239257812500000e+02
8.462319335937500000e+02
1.246850585937500000e+03
1.170938964843750000e+03
1.036783081054687500e+03
1.161418945312500000e+03
1.225233276367187500e+03
1.122349243164062500e+03
9.179318847656250000e+02
1.137160888671875000e+03
1.258048461914062500e+03
1.082778564453125000e+03
8.439390869140625000e+02
1.025783813476562500e+03
1.110322387695312500e+03
9.682795410156250000e+02
7.342930297851562500e+02
8.534419555664062500e+02
8.071176757812500000e+02
7.173621215820312500e+02
8.221207885742187500e+02
9.312922973632812500e+02
9.017022094726562500e+02
8.441243286132812500e+02
9.017556762695312500e+02
8.909575195312500000e+02
9.935742797851562500e+02
1.155800170898437500e+03
8.588427734375000000e+02
5.562528686523437500e+02
9.010158691406250000e+02
1.291501342773437500e+03
9.066727294921875000e+02
6.728126220703125000e+02
1.663168212890625000e+03
1.191643188476562500e+03
1.344322509765625000e+03
1.386018798828125000e+03
8.845482788085937500e+02
1.121658447265625000e+03
1.368600830078125000e+03
8.639861450195312500e+02
7.444296264648437500e+02
6.857859497070312500e+02
7.151353149414062500e+02
1.362412719726562500e+03
1.213038696289062500e+03
9.982824707031250000e+02
1.369507324218750000e+03
1.150617675781250000e+03
9.746762084960937500e+02
7.970426635742187500e+02
1.243217895507812500e+03
1.450053466796875000e+03
1.175885620117187500e+03
1.363388671875000000e+03
8.920429687500000000e+02
1.050218750000000000e+03
1.475517578125000000e+03
1.090429077148437500e+03
1.177014648437500000e+03
1.214679321289062500e+03
8.997440795898437500e+02
1.014476318359375000e+03
8.540900268554687500e+02
7.946547241210937500e+02
8.264276123046875000e+02
6.977238769531250000e+02
6.852302246093750000e+02
7.128861083984375000e+02
8.856888427734375000e+02
1.076193237304687500e+03
9.017949218750000000e+02
6.749543457031250000e+02
6.977010498046875000e+02
8.029714355468750000e+02
1.171635986328125000e+03
1.155048461914062500e+03
8.274432983398437500e+02
9.148284301757812500e+02
1.372058715820312500e+03
1.221183227539062500e+03
1.144168945312500000e+03
1.303215332031250000e+03
7.722823486328125000e+02
8.279270629882812500e+02
1.000982238769531250e+03
1.107325195312500000e+03
8.081947021484375000e+02
7.525764160156250000e+02
7.115620117187500000e+02
6.543991699218750000e+02
6.942391357421875000e+02
5.892887573242187500e+02
6.039784545898437500e+02
8.339968261718750000e+02
1.129898071289062500e+03
1.086428344726562500e+03
7.163502197265625000e+02
5.418691406250000000e+02
9.077830200195312500e+02
1.765963134765625000e+03
8.343427734375000000e+02
1.352361938476562500e+03
1.453253051757812500e+03
7.158405151367187500e+02
1.087327880859375000e+03
1.879204589843750000e+03
8.778132324218750000e+02
1.735779418945312500e+03
7.040015258789062500e+02
6.446921386718750000e+02
1.675923217773437500e+03
8.860561523437500000e+02
8.770278930664062500e+02
1.836934570312500000e+03
8.165160522460937500e+02
1.803386474609375000e+03
8.907376708984375000e+02
7.599409179687500000e+02
1.892153442382812500e+03
8.982998046875000000e+02
1.887151245117187500e+03
8.773699951171875000e+02
8.653937377929687500e+02
1.998255004882812500e+03
9.994053955078125000e+02
2.082796875000000000e+03
