2.724655625000000000e+05
2.182848593750000000e+05
1.653978437500000000e+05
1.132120781250000000e+05
6.680300000000000000e+04
4.392107031250000000e+04
4.903162109375000000e+04
6.428102734375000000e+04
7.487635937500000000e+04
7.733299218750000000e+04
7.272005468750000000e+04
6.198483203125000000e+04
4.842518750000000000e+04
3.453755078125000000e+04
2.500548242187500000e+04
2.558576757812500000e+04
3.255123437500000000e+04
3.848487500000000000e+04
3.992476171875000000e+04
3.645658984375000000e+04
2.970872851562500000e+04
2.226264257812500000e+04
1.738848242187500000e+04
1.772952539062500000e+04
2.130460156250000000e+04
2.415828710937500000e+04
2.406247070312500000e+04
2.095044140625000000e+04
1.628647753906250000e+04
1.275840136718750000e+04
1.296077832031250000e+04
1.530340234375000000e+04
1.677884765625000000e+04
1.561288867187500000e+04
1.253519140625000000e+04
9.817258789062500000e+03
9.869621093750000000e+03
1.155571582031250000e+04
1.213205468750000000e+04
1.057916015625000000e+04
8.279388671875000000e+03
7.776597167968750000e+03
9.159256835937500000e+03
9.581048828125000000e+03
7.976067871093750000e+03
6.542654296875000000e+03
7.000383300781250000e+03
7.724598632812500000e+03
7.114796386718750000e+03
5.745040039062500000e+03
5.904341308593750000e+03
6.529126953125000000e+03
5.906753417968750000e+03
4.888214355468750000e+03
5.314570312500000000e+03
5.547563964843750000e+03
4.718346679687500000e+03
4.522486328125000000e+03
4.933224609375000000e+03
4.425441406250000000e+03
4.029361816406250000e+03
4.345412597656250000e+03
4.005875976562500000e+03
3.708706542968750000e+03
3.944073730468750000e+03
3.587349853515625000e+03
3.518493652343750000e+03
3.591132812500000000e+03
3.195384521484375000e+03
3.323230224609375000e+03
3.148979248046875000e+03
3.004590820312500000e+03
3.081405517578125000e+03
2.798101074218750000e+03
2.904557617187500000e+03
2.662419189453125000e+03
2.742287353515625000e+03
2.560321533203125000e+03
2.605328857421875000e+03
2.454069091796875000e+03
2.448860351562500000e+03
2.346631347656250000e+03
2.357104492187500000e+03
2.221800292968750000e+03
2.282478027343750000e+03
2.110758544921875000e+03
2.171237304687500000e+03
2.052190673828125000e+03
2.023812011718750000e+03
2.032922729492187500e+03
1.928106811523437500e+03
1.944286499023437500e+03
1.897870361328125000e+03
1.826234008789062500e+03
1.858199707031250000e+03
1.800101196289062500e+03
1.713664916992187500e+03
1.743843872070312500e+03
1.753510498046875000e+03
1.673042602539062500e+03
1.602906616210937500e+03
1.618993652343750000e+03
1.610701782226562500e+03
1.590202758789062500e+03
1.549789916992187500e+03
1.504372802734375000e+03
1.468604980468750000e+03
1.443812011718750000e+03
1.413045166015625000e+03
1.407267700195312500e+03
1.390779174804687500e+03
1.432280151367187500e+03
1.622408935546875000e+03
1.831902465820312500e+03
1.662531005859375000e+03
1.422483276367187500e+03
1.300244873046875000e+03
1.274490844726562500e+03
1.265794921875000000e+03
1.330751098632812500e+03
1.628003295898437500e+03
2.025035278320312500e+03
1.640811279296875000e+03
1.331125610351562500e+03
1.218690795898437500e+03
1.254484130859375000e+03
1.496272460937500000e+03
1.970282958984375000e+03
1.690142089843750000e+03
1.361062255859375000e+03
1.196349731445312500e+03
1.193012939453125000e+03
1.343220703125000000e+03
1.829494140625000000e+03
1.840361206054687500e+03
1.461333496093750000e+03
1.182693969726562500e+03
1.165290649414062500e+03
1.313389404296875000e+03
1.757805664062500000e+03
1.885432617187500000e+03
1.435782714843750000e+03
1.050555786132812500e+03
1.163588867187500000e+03
1.451305175781250000e+03
2.140364013671875000e+03
1.604638549804687500e+03
1.046482177734375000e+03
1.273987915039062500e+03
1.933869140625000000e+03
1.701700073242187500e+03
1.279023803710937500e+03
1.113903808593750000e+03
1.065665527343750000e+03
1.077928222656250000e+03
1.217909179687500000e+03
1.711720092773437500e+03
2.073928955078125000e+03
1.313345458984375000e+03
1.016167968750000000e+03
1.784783691406250000e+03
2.109131591796875000e+03
1.290590332031250000e+03
1.163268310546875000e+03
2.442025878906250000e+03
1.668657226562500000e+03
1.408223510742187500e+03
2.443545654296875000e+03
1.491539794921875000e+03
1.536115356445312500e+03
2.449733886718750000e+03
1.395983764648437500e+03
1.925333129882812500e+03
2.531093261718750000e+03
1.322117919921875000e+03
2.197910644531250000e+03
1.698789306640625000e+03
1.243111694335937500e+03
1.458154785156250000e+03
2.054096923828125000e+03
1.464911499023437500e+03
1.188695190429687500e+03
1.871307373046875000e+03
1.864230957031250000e+03
1.431005004882812500e+03
1.534982788085937500e+03
1.609680786132812500e+03
1.450198974609375000e+03
1.315369262695312500e+03
1.405216064453125000e+03
1.646134399414062500e+03
1.585152343750000000e+03
1.312249389648437500e+03
1.252225708007812500e+03
1.380494995117187500e+03
1.557158081054687500e+03
1.277646728515625000e+03
1.163869384765625000e+03
1.208710571289062500e+03
1.109459106445312500e+03
1.067296508789062500e+03
1.139727905273437500e+03
1.038575317382812500e+03
1.303363403320312500e+03
1.689721801757812500e+03
1.398682739257812500e+03
1.125944824218750000e+03
1.001649536132812500e+03
1.114695556640625000e+03
1.268442260742187500e+03
1.641932128906250000e+03
1.665403930664062500e+03
1.188128051757812500e+03
9.104659423828125000e+02
9.107863159179687500e+02
9.070552978515625000e+02
9.059099731445312500e+02
1.123734619140625000e+03
2.200229248046875000e+03
1.542333007812500000e+03
9.500139160156250000e+02
1.228961059570312500e+03
2.234555664062500000e+03
1.461092163085937500e+03
1.034573242187500000e+03
2.008472778320312500e+03
1.952344970703125000e+03
1.353152587890625000e+03
1.502235107421875000e+03
1.873361694335937500e+03
1.570217285156250000e+03
1.315780273437500000e+03
1.630623291015625000e+03
1.618422119140625000e+03
1.378667602539062500e+03
1.223778076171875000e+03
1.323736206054687500e+03
1.276433715820312500e+03
1.230653076171875000e+03
1.166640380859375000e+03
1.131732788085937500e+03
1.148844970703125000e+03
1.391673828125000000e+03
1.694053588867187500e+03
1.437124511718750000e+03
9.593541870117187500e+02
9.511109008789062500e+02
9.399815063476562500e+02
8.467690429687500000e+02
1.042194702148437500e+03
1.644773071289062500e+03
1.957896484375000000e+03
1.252317138671875000e+03
8.390990600585937500e+02
1.114709838867187500e+03
2.218363525390625000e+03
1.533364013671875000e+03
1.024827880859375000e+03
1.648875976562500000e+03
2.415501708984375000e+03
1.467954223632812500e+03
1.935943237304687500e+03
1.950190307617187500e+03
1.377896484375000000e+03
1.195041625976562500e+03
1.790336914062500000e+03
1.573215332031250000e+03
1.329416137695312500e+03
1.751520507812500000e+03
1.748125122070312500e+03
1.410387573242187500e+03
1.460725952148437500e+03
1.674619262695312500e+03
1.606361206054687500e+03
1.460150268554687500e+03
1.310177001953125000e+03
1.590418945312500000e+03
1.717332519531250000e+03
1.520076538085937500e+03
1.509809082031250000e+03
1.778687500000000000e+03
1.521123779296875000e+03
1.419031494140625000e+03
1.351706054687500000e+03
1.384271728515625000e+03
1.570675048828125000e+03
1.332972167968750000e+03
1.146578369140625000e+03
1.233665649414062500e+03
1.109087768554687500e+03
1.200254272460937500e+03
9.501560058593750000e+02
1.071356079101562500e+03
1.005604431152343750e+03
9.278442382812500000e+02
9.923400878906250000e+02
8.350592651367187500e+02
9.934121704101562500e+02
1.394472900390625000e+03
2.057168945312500000e+03
1.359201538085937500e+03
9.032222900390625000e+02
1.483190795898437500e+03
2.145598876953125000e+03
1.411278686523437500e+03
1.179248168945312500e+03
2.487510986328125000e+03
1.557560424804687500e+03
1.555503784179687500e+03
2.598962402343750000e+03
1.380166748046875000e+03
2.682147216796875000e+03
1.517703002929687500e+03
1.142976684570312500e+03
2.004342773437500000e+03
1.659374511718750000e+03
1.384857543945312500e+03
1.396922851562500000e+03
1.670470458984375000e+03
1.569723388671875000e+03
1.321922241210937500e+03
1.305815673828125000e+03
1.550929443359375000e+03
1.424135253906250000e+03
1.196733886718750000e+03
1.228446166992187500e+03
1.295378417968750000e+03
1.383636962890625000e+03
1.434419067382812500e+03
1.351084838867187500e+03
1.116872558593750000e+03
8.625477905273437500e+02
1.073609741210937500e+03
1.118168212890625000e+03
1.209720092773437500e+03
1.662281860351562500e+03
1.798526611328125000e+03
1.063755249023437500e+03
1.480251831054687500e+03
2.068694335937500000e+03
1.507260864257812500e+03
1.277827636718750000e+03
2.303544677734375000e+03
1.355112548828125000e+03
1.876310058593750000e+03
2.252417236328125000e+03
1.596171508789062500e+03
1.852540527343750000e+03
1.581378051757812500e+03
1.549217163085937500e+03
1.227585815429687500e+03
1.165065185546875000e+03
1.264403808593750000e+03
1.008334777832031250e+03
1.062902343750000000e+03
1.041563476562500000e+03
1.118668090820312500e+03
1.101312744140625000e+03
1.453769531250000000e+03
1.595780761718750000e+03
1.096848999023437500e+03
1.101620483398437500e+03
1.356892333984375000e+03
2.052489257812500000e+03
1.494015258789062500e+03
1.282444091796875000e+03
2.175152832031250000e+03
1.648065063476562500e+03
1.516505371093750000e+03
2.356535400390625000e+03
1.577334838867187500e+03
2.276799316406250000e+03
1.695070312500000000e+03
1.506301635742187500e+03
1.927807006835937500e+03
1.502841796875000000e+03
1.415219482421875000e+03
1.980423217773437500e+03
1.586451660156250000e+03
1.556321777343750000e+03
1.380614746093750000e+03
1.391581176757812500e+03
1.384243164062500000e+03
1.185321411132812500e+03
1.169001464843750000e+03
1.256115356445312500e+03
1.108826660156250000e+03
1.029184448242187500e+03
1.119542480468750000e+03
1.054327270507812500e+03
9.978322143554687500e+02
1.080994506835937500e+03
1.101466308593750000e+03
1.525812988281250000e+03
1.790785156250000000e+03
1.152229125976562500e+03
9.791618041992187500e+02
1.587309936523437500e+03
1.935669555664062500e+03
1.316460815429687500e+03
1.309303466796875000e+03
2.023375732421875000e+03
1.551808227539062500e+03
1.221103881835937500e+03
1.427934570312500000e+03
1.795377563476562500e+03
1.565556518554687500e+03
1.297295043945312500e+03
1.228454345703125000e+03
1.238567504882812500e+03
1.406637084960937500e+03
1.304153686523437500e+03
1.132522949218750000e+03
1.042546386718750000e+03
1.016020141601562500e+03
1.029838989257812500e+03
1.018658569335937500e+03
9.753792724609375000e+02
1.152232299804687500e+03
1.636276855468750000e+03
1.546678710937500000e+03
1.130501708984375000e+03
1.010506591796875000e+03
9.067239379882812500e+02
9.947620849609375000e+02
1.182011474609375000e+03
1.699991577148437500e+03
1.544185302734375000e+03
9.778933715820312500e+02
9.797085571289062500e+02
1.845074707031250000e+03
1.850272094726562500e+03
1.205166870117187500e+03
1.255999145507812500e+03
2.471927734375000000e+03
1.537092041015625000e+03
1.959113037109375000e+03
1.892224121093750000e+03
1.322995483398437500e+03
1.166422973632812500e+03
2.101891601562500000e+03
1.876728393554687500e+03
1.678504882812500000e+03
1.689837890625000000e+03
1.519394775390625000e+03
1.637389282226562500e+03
1.436372802734375000e+03
1.253946899414062500e+03
1.372756469726562500e+03
1.283596923828125000e+03
1.164665649414062500e+03
1.109136352539062500e+03
9.261262207031250000e+02
1.066707275390625000e+03
1.019257751464843750e+03
9.562467041015625000e+02
1.577163452148437500e+03
1.840578125000000000e+03
1.167919799804687500e+03
1.197494140625000000e+03
2.234641601562500000e+03
1.595002319335937500e+03
1.665398925781250000e+03
2.111675292968750000e+03
1.645512084960937500e+03
1.709325805664062500e+03
1.660840576171875000e+03
1.576931030273437500e+03
1.612576049804687500e+03
1.392072509765625000e+03
1.113261352539062500e+03
1.287502929687500000e+03
1.319458984375000000e+03
1.069368041992187500e+03
1.251359497070312500e+03
1.330169799804687500e+03
1.191289184570312500e+03
1.270672363281250000e+03
1.121297119140625000e+03
1.102028808593750000e+03
1.294478393554687500e+03
1.250641723632812500e+03
1.400404907226562500e+03
1.395777832031250000e+03
1.070829833984375000e+03
9.895941772460937500e+02
1.462542846679687500e+03
1.926922363281250000e+03
1.213934814453125000e+03
1.277207275390625000e+03
2.499284423828125000e+03
1.434832641601562500e+03
2.142385498046875000e+03
1.800894287109375000e+03
1.230313476562500000e+03
1.233991210937500000e+03
2.047828857421875000e+03
1.775763793945312500e+03
1.651781127929687500e+03
2.053179931640625000e+03
1.546213867187500000e+03
1.764196899414062500e+03
1.665009033203125000e+03
1.521562744140625000e+03
1.589974365234375000e+03
1.265774414062500000e+03
1.344827880859375000e+03
1.300305664062500000e+03
1.138843627929687500e+03
1.310859130859375000e+03
1.230516357421875000e+03
1.111915161132812500e+03
1.103935058593750000e+03
9.240632934570312500e+02
9.251432495117187500e+02
8.404179077148437500e+02
9.127125854492187500e+02
7.805592651367187500e+02
9.529775390625000000e+02
1.353435180664062500e+03
2.066925781250000000e+03
1.337865722656250000e+03
1.266725708007812500e+03
2.822254394531250000e+03
1.437585083007812500e+03
2.756366210937500000e+03
1.125441284179687500e+03
1.661176513671875000e+03
2.493947265625000000e+03
1.569329101562500000e+03
2.264510986328125000e+03
1.306179565429687500e+03
1.226055175781250000e+03
1.944827148437500000e+03
1.609412109375000000e+03
1.361101562500000000e+03
1.578334594726562500e+03
1.626472656250000000e+03
1.506494262695312500e+03
1.247807983398437500e+03
1.164114013671875000e+03
1.402802856445312500e+03
1.474623901367187500e+03
1.238828613281250000e+03
1.058392333984375000e+03
1.196138916015625000e+03
1.690577270507812500e+03
1.267998901367187500e+03
1.057438232421875000e+03
1.990613281250000000e+03
1.772109008789062500e+03
1.419434936523437500e+03
2.001536132812500000e+03
1.457553955078125000e+03
1.299704833984375000e+03
1.610888916015625000e+03
1.525040649414062500e+03
1.306094360351562500e+03
1.335450317382812500e+03
1.369119750976562500e+03
1.239656982421875000e+03
1.080668090820312500e+03
1.127375000000000000e+03
9.986597900390625000e+02
1.007666015625000000e+03
9.494811401367187500e+02
9.451417236328125000e+02
1.306692260742187500e+03
1.593834716796875000e+03
1.218345092773437500e+03
9.716772460937500000e+02
8.042329711914062500e+02
8.128576660156250000e+02
7.732926635742187500e+02
7.520664672851562500e+02
1.081023437500000000e+03
2.101391845703125000e+03
1.406360473632812500e+03
9.529459228515625000e+02
1.758173828125000000e+03
1.890114501953125000e+03
1.358349365234375000e+03
1.121819458007812500e+03
1.904526000976562500e+03
1.713526855468750000e+03
1.495114379882812500e+03
1.811415039062500000e+03
1.589561767578125000e+03
1.586935791015625000e+03
1.562817382812500000e+03
1.450404296875000000e+03
1.489474609375000000e+03
1.209494750976562500e+03
1.189248535156250000e+03
1.255710937500000000e+03
9.821491699218750000e+02
1.122597412109375000e+03
1.139245605468750000e+03
9.248964843750000000e+02
1.065445922851562500e+03
1.138569335937500000e+03
1.227772949218750000e+03
1.463694335937500000e+03
1.204760620117187500e+03
9.186797485351562500e+02
9.670088500976562500e+02
8.241515502929687500e+02
9.185179443359375000e+02
1.110036621093750000e+03
1.700406616210937500e+03
1.708018066406250000e+03
1.125097900390625000e+03
1.566535034179687500e+03
2.080122314453125000e+03
1.754308227539062500e+03
1.415836181640625000e+03
1.342965087890625000e+03
1.744934692382812500e+03
1.577213256835937500e+03
1.138451904296875000e+03
1.305204956054687500e+03
1.353484619140625000e+03
9.852278442382812500e+02
1.242465942382812500e+03
1.225610351562500000e+03
9.356768798828125000e+02
1.026947021484375000e+03
9.663074340820312500e+02
9.451498413085937500e+02
8.694686889648437500e+02
9.468909301757812500e+02
9.818377685546875000e+02
1.608633789062500000e+03
1.906024902343750000e+03
1.274462524414062500e+03
1.352405395507812500e+03
1.846386596679687500e+03
1.816891235351562500e+03
1.506219604492187500e+03
1.742585815429687500e+03
1.745160644531250000e+03
1.780233642578125000e+03
1.411295288085937500e+03
1.335204589843750000e+03
1.457831665039062500e+03
1.394906005859375000e+03
1.309978759765625000e+03
1.139454223632812500e+03
1.079768432617187500e+03
1.131970458984375000e+03
9.134269409179687500e+02
1.014635070800781250e+03
9.133501586914062500e+02
9.047676391601562500e+02
9.948348999023437500e+02
1.008912780761718750e+03
1.588727294921875000e+03
1.720233032226562500e+03
1.253026000976562500e+03
1.363934936523437500e+03
1.927037353515625000e+03
1.577206420898437500e+03
1.366975463867187500e+03
1.524185424804687500e+03
1.451826293945312500e+03
1.465616943359375000e+03
1.316921508789062500e+03
1.405551391601562500e+03
1.558651489257812500e+03
1.289133911132812500e+03
1.125324707031250000e+03
1.301587768554687500e+03
1.420682739257812500e+03
1.208229003906250000e+03
1.101876586914062500e+03
1.022981445312500000e+03
9.565131225585937500e+02
9.231380004882812500e+02
9.227138061523437500e+02
1.142262451171875000e+03
1.771192382812500000e+03
1.492949462890625000e+03
1.009743041992187500e+03
1.218990112304687500e+03
1.908332153320312500e+03
1.540882202148437500e+03
1.154722412109375000e+03
2.330529052734375000e+03
1.664369628906250000e+03
2.183683593750000000e+03
1.823826782226562500e+03
1.279553710937500000e+03
1.487884765625000000e+03
1.622066406250000000e+03
1.473647338867187500e+03
1.305863159179687500e+03
1.013070129394531250e+03
1.290573608398437500e+03
1.395092041015625000e+03
1.047085327148437500e+03
1.097082519531250000e+03
9.846501464843750000e+02
9.175731811523437500e+02
9.703325195312500000e+02
8.720218505859375000e+02
1.178349243164062500e+03
1.531716308593750000e+03
1.236000244140625000e+03
1.123978515625000000e+03
1.112011840820312500e+03
1.210254760742187500e+03
1.665159790039062500e+03
1.310562500000000000e+03
9.020115356445312500e+02
1.068421875000000000e+03
1.055524536132812500e+03
1.006073974609375000e+03
1.153415039062500000e+03
1.355486938476562500e+03
1.567710571289062500e+03
1.160679687500000000e+03
9.961149902343750000e+02
9.717692260742187500e+02
1.181522338867187500e+03
1.837719482421875000e+03
1.430512573242187500e+03
1.148049804687500000e+03
1.520474243164062500e+03
1.503972045898437500e+03
1.403963500976562500e+03
1.152540161132812500e+03
1.069129882812500000e+03
1.267049194335937500e+03
1.148384033203125000e+03
9.564648437500000000e+02
1.175998291015625000e+03
1.166368164062500000e+03
8.761528320312500000e+02
1.240121459960937500e+03
1.174611206054687500e+03
1.214285522460937500e+03
1.381001098632812500e+03
1.059917114257812500e+03
1.209305175781250000e+03
1.652853515625000000e+03
1.187815429687500000e+03
9.840079345703125000e+02
8.883609619140625000e+02
8.669948120117187500e+02
1.165433593750000000e+03
1.216527221679687500e+03
1.810161743164062500e+03
1.523235107421875000e+03
1.059454589843750000e+03
1.604962158203125000e+03
1.826615478515625000e+03
1.368006347656250000e+03
1.359583129882812500e+03
1.774779418945312500e+03
1.485621215820312500e+03
1.158403076171875000e+03
1.332153808593750000e+03
1.500034423828125000e+03
1.237160888671875000e+03
1.150756835937500000e+03
1.270312255859375000e+03
1.333379516601562500e+03
1.206195312500000000e+03
1.112203857421875000e+03
1.016558166503906250e+03
9.771137695312500000e+02
1.115288208007812500e+03
1.075380004882812500e+03
1.201877197265625000e+03
1.507420776367187500e+03
1.012895812988281250e+03
9.155450439453125000e+02
1.294431030273437500e+03
1.275706054687500000e+03
1.293837524414062500e+03
1.476180297851562500e+03
9.748500976562500000e+02
8.505394897460937500e+02
1.070550292968750000e+03
1.186840087890625000e+03
2.139425292968750000e+03
1.448288940429687500e+03
1.273853881835937500e+03
2.208512939453125000e+03
1.822724731445312500e+03
2.110418457031250000e+03
1.786441284179687500e+03
1.522666748046875000e+03
1.711391235351562500e+03
1.373549438476562500e+03
1.309854858398437500e+03
1.324536376953125000e+03
1.224529663085937500e+03
1.351281127929687500e+03
1.130686401367187500e+03
1.231804077148437500e+03
1.299886474609375000e+03
1.130059326171875000e+03
1.006704650878906250e+03
9.538009033203125000e+02
1.206367309570312500e+03
1.382951293945312500e+03
1.284317504882812500e+03
1.266010864257812500e+03
1.269827392578125000e+03
1.103306030273437500e+03
1.202978515625000000e+03
1.389588378906250000e+03
1.313920410156250000e+03
1.104373779296875000e+03
1.094415649414062500e+03
1.090793212890625000e+03
1.055437622070312500e+03
1.242939453125000000e+03
1.340346313476562500e+03
1.219998413085937500e+03
9.973258666992187500e+02
9.691662597656250000e+02
1.118199829101562500e+03
1.231265380859375000e+03
1.335822509765625000e+03
1.255962646484375000e+03
1.015661621093750000e+03
1.161822875976562500e+03
1.335328491210937500e+03
1.352363769531250000e+03
1.259827148437500000e+03
1.293799560546875000e+03
1.257386840820312500e+03
1.344733276367187500e+03
1.671995727539062500e+03
1.326153076171875000e+03
9.779539184570312500e+02
1.271269775390625000e+03
1.227118041992187500e+03
1.210231079101562500e+03
1.655782714843750000e+03
1.554055664062500000e+03
1.125361450195312500e+03
1.220869140625000000e+03
1.272323120117187500e+03
1.168552001953125000e+03
1.094447875976562500e+03
1.004955932617187500e+03
1.024937744140625000e+03
9.510383300781250000e+02
9.062980957031250000e+02
1.186596069335937500e+03
1.459789428710937500e+03
1.188234741210937500e+03
9.923452758789062500e+02
1.176353393554687500e+03
1.236573364257812500e+03
1.350822631835937500e+03
1.394933227539062500e+03
1.261992553710937500e+03
9.700970458984375000e+02
1.068130493164062500e+03
1.219186035156250000e+03
1.389692871093750000e+03
1.313304321289062500e+03
1.063499145507812500e+03
9.605725708007812500e+02
1.037627319335937500e+03
8.734356079101562500e+02
1.030899414062500000e+03
1.934277832031250000e+03
1.462918457031250000e+03
9.467214355468750000e+02
1.971997436523437500e+03
1.609424438476562500e+03
1.462563964843750000e+03
1.806978393554687500e+03
1.275816040039062500e+03
1.616242065429687500e+03
2.023928344726562500e+03
1.259335083007812500e+03
1.928947753906250000e+03
1.603890747070312500e+03
1.098350463867187500e+03
1.232979248046875000e+03
1.675656982421875000e+03
1.641361206054687500e+03
1.197885864257812500e+03
1.572448364257812500e+03
1.734592529296875000e+03
1.469377929687500000e+03
1.249678588867187500e+03
1.656923828125000000e+03
1.742151123046875000e+03
1.433579833984375000e+03
1.537312011718750000e+03
1.544707519531250000e+03
1.429625732421875000e+03
1.097729858398437500e+03
1.329261840820312500e+03
1.770755615234375000e+03
1.330093627929687500e+03
1.260099243164062500e+03
1.584467041015625000e+03
1.463927978515625000e+03
1.210622070312500000e+03
1.157365234375000000e+03
1.068130493164062500e+03
1.022231628417968750e+03
9.801134643554687500e+02
1.007041748046875000e+03
9.757158813476562500e+02
9.786687011718750000e+02
1.508766357421875000e+03
1.588318725585937500e+03
1.042893432617187500e+03
1.001057128906250000e+03
1.167032470703125000e+03
1.263921752929687500e+03
1.419466796875000000e+03
1.314695800781250000e+03
9.250139160156250000e+02
1.142406982421875000e+03
1.698444946289062500e+03
1.318697265625000000e+03
9.418370971679687500e+02
1.634310302734375000e+03
1.736616699218750000e+03
1.193126342773437500e+03
1.177141113281250000e+03
1.673797851562500000e+03
1.654756958007812500e+03
1.161966430664062500e+03
1.350852539062500000e+03
1.889236450195312500e+03
1.619070312500000000e+03
1.336239624023437500e+03
1.471798461914062500e+03
1.914499389648437500e+03
1.634379516601562500e+03
1.379880004882812500e+03
1.205030151367187500e+03
1.480631225585937500e+03
1.378536376953125000e+03
1.068053833007812500e+03
1.143829223632812500e+03
1.142645385742187500e+03
9.459005126953125000e+02
1.033017211914062500e+03
9.535921020507812500e+02
8.269951171875000000e+02
1.154917724609375000e+03
1.543422973632812500e+03
1.181718627929687500e+03
7.705671997070312500e+02
8.164131469726562500e+02
7.480433959960937500e+02
7.259856567382812500e+02
7.615101928710937500e+02
1.309598022460937500e+03
2.238410644531250000e+03
1.223513183593750000e+03
1.822122802734375000e+03
1.968426513671875000e+03
1.366392822265625000e+03
1.532887817382812500e+03
1.883871826171875000e+03
1.542693725585937500e+03
1.285539184570312500e+03
1.195478027343750000e+03
1.522377441406250000e+03
1.786811523437500000e+03
1.380141357421875000e+03
1.390912597656250000e+03
1.737418823242187500e+03
1.531322753906250000e+03
1.250639038085937500e+03
1.549482788085937500e+03
1.888323486328125000e+03
1.646268066406250000e+03
1.342659179687500000e+03
1.512682495117187500e+03
1.717045166015625000e+03
1.458356079101562500e+03
1.163156860351562500e+03
1.428730102539062500e+03
1.521364746093750000e+03
1.201105468750000000e+03
1.188915039062500000e+03
1.481223999023437500e+03
1.359535766601562500e+03
1.142859252929687500e+03
1.064688476562500000e+03
1.282569702148437500e+03
1.305807250976562500e+03
1.277111572265625000e+03
1.273596679687500000e+03
1.094735351562500000e+03
1.107681762695312500e+03
