1.045626875000000000e+05
2.277694218750000000e+05
1.790703437500000000e+05
5.471607031250000000e+04
1.078391406250000000e+05
1.398087343750000000e+05
1.043151093750000000e+05
3.888232031250000000e+04
6.269658593750000000e+04
9.167904687500000000e+04
7.810249218750000000e+04
3.901835156250000000e+04
3.293347265625000000e+04
5.823468359375000000e+04
5.795923828125000000e+04
3.552862890625000000e+04
2.181747460937500000e+04
3.840415234375000000e+04
4.330893359375000000e+04
3.005576953125000000e+04
1.797186132812500000e+04
2.862793945312500000e+04
3.312426562500000000e+04
2.266806835937500000e+04
1.496682324218750000e+04
2.420760742187500000e+04
2.443875000000000000e+04
1.456253320312500000e+04
1.616455468750000000e+04
2.157810351562500000e+04
1.560799121093750000e+04
1.168559277343750000e+04
1.758852539062500000e+04
1.399108300781250000e+04
1.031131933593750000e+04
1.486291210937500000e+04
1.134792968750000000e+04
1.001133593750000000e+04
1.290369531250000000e+04
8.700599609375000000e+03
1.051692675781250000e+04
1.018348632812500000e+04
7.663280761718750000e+03
1.003299707031250000e+04
6.892221679687500000e+03
8.979293945312500000e+03
6.928176269531250000e+03
8.021707031250000000e+03
7.024727050781250000e+03
7.348642089843750000e+03
6.522435058593750000e+03
6.980633789062500000e+03
5.910041503906250000e+03
7.099218261718750000e+03
5.283064941406250000e+03
7.199648437500000000e+03
4.781670898437500000e+03
6.894816894531250000e+03
4.706932617187500000e+03
5.551874023437500000e+03
5.571213378906250000e+03
4.268508300781250000e+03
5.752176757812500000e+03
4.607068359375000000e+03
4.045876464843750000e+03
5.258837402343750000e+03
4.582865722656250000e+03
3.680954589843750000e+03
4.228907226562500000e+03
5.122005371093750000e+03
4.213195312500000000e+03
3.372116943359375000e+03
3.634102050781250000e+03
4.706044433593750000e+03
4.998163085937500000e+03
3.985196533203125000e+03
3.269044189453125000e+03
3.029622314453125000e+03
2.982353759765625000e+03
3.191796875000000000e+03
4.227104980468750000e+03
6.186488769531250000e+03
4.385688476562500000e+03
3.140028564453125000e+03
2.768456787109375000e+03
2.751707275390625000e+03
2.721457763671875000e+03
2.909536865234375000e+03
4.730966796875000000e+03
7.347092285156250000e+03
3.374294677734375000e+03
3.372989013671875000e+03
8.665303710937500000e+03
3.459019531250000000e+03
5.227852539062500000e+03
9.609936523437500000e+03
4.482921875000000000e+03
1.215654687500000000e+04
5.592476562500000000e+03
1.700742382812500000e+04
1.673109570312500000e+04
5.085057128906250000e+03
1.187809179687500000e+04
3.580005126953125000e+03
1.019808398437500000e+04
3.392513671875000000e+03
9.714770507812500000e+03
3.427271484375000000e+03
7.419214355468750000e+03
5.579051757812500000e+03
3.478450439453125000e+03
5.990519531250000000e+03
5.595602050781250000e+03
3.812025878906250000e+03
4.732053222656250000e+03
5.841210449218750000e+03
4.313015625000000000e+03
4.279247558593750000e+03
5.905103515625000000e+03
4.394454589843750000e+03
4.861832031250000000e+03
5.741844238281250000e+03
4.029759277343750000e+03
4.578458984375000000e+03
5.767694335937500000e+03
3.992571533203125000e+03
4.205396972656250000e+03
5.281331054687500000e+03
3.959962158203125000e+03
3.827237304687500000e+03
5.098588378906250000e+03
3.915926757812500000e+03
3.539864746093750000e+03
4.158228027343750000e+03
4.237414062500000000e+03
3.948385742187500000e+03
3.525116455078125000e+03
3.046358154296875000e+03
3.441051269531250000e+03
4.100593750000000000e+03
4.726967285156250000e+03
4.173552246093750000e+03
3.154311523437500000e+03
2.942002685546875000e+03
2.948159912109375000e+03
2.967228759765625000e+03
3.521790771484375000e+03
4.945937988281250000e+03
5.034850097656250000e+03
3.392853027343750000e+03
2.774665527343750000e+03
3.252295166015625000e+03
5.138238769531250000e+03
5.665475585937500000e+03
3.755250976562500000e+03
3.176114990234375000e+03
5.956933105468750000e+03
5.343909179687500000e+03
3.849706054687500000e+03
5.716761718750000000e+03
5.406718261718750000e+03
4.459871582031250000e+03
4.447986816406250000e+03
5.024956542968750000e+03
4.652064941406250000e+03
3.751045166015625000e+03
4.023023437500000000e+03
4.216112792968750000e+03
3.556958251953125000e+03
3.396368164062500000e+03
3.340697509765625000e+03
3.198148925781250000e+03
3.356571044921875000e+03
3.705731201171875000e+03
4.388968750000000000e+03
4.821812988281250000e+03
3.837874511718750000e+03
3.109898437500000000e+03
3.116309326171875000e+03
3.062077392578125000e+03
3.482197998046875000e+03
5.087497558593750000e+03
5.624802246093750000e+03
3.667815429687500000e+03
3.240923828125000000e+03
5.939537109375000000e+03
5.171475585937500000e+03
3.669571533203125000e+03
5.181390625000000000e+03
5.679468261718750000e+03
4.202676269531250000e+03
3.757975585937500000e+03
5.478832031250000000e+03
5.538137695312500000e+03
4.069552734375000000e+03
4.953365234375000000e+03
5.268375488281250000e+03
4.454918945312500000e+03
3.801642333984375000e+03
3.791062255859375000e+03
3.877079101562500000e+03
3.559166503906250000e+03
3.400466796875000000e+03
3.598344238281250000e+03
3.699694335937500000e+03
4.178232421875000000e+03
4.889451171875000000e+03
4.142269531250000000e+03
3.304856689453125000e+03
2.972503662109375000e+03
3.338040283203125000e+03
4.098932128906250000e+03
5.043677246093750000e+03
4.823889160156250000e+03
3.353625000000000000e+03
2.827038330078125000e+03
2.962304199218750000e+03
2.964916015625000000e+03
4.181965820312500000e+03
5.765062500000000000e+03
4.612140625000000000e+03
3.119504882812500000e+03
3.035568603515625000e+03
6.579869628906250000e+03
5.796161621093750000e+03
4.456589355468750000e+03
6.419279785156250000e+03
4.845011230468750000e+03
4.253151855468750000e+03
4.399508789062500000e+03
4.742876953125000000e+03
4.477263183593750000e+03
3.689640136718750000e+03
3.569249023437500000e+03
3.338434570312500000e+03
3.453314453125000000e+03
3.433580322265625000e+03
3.482520751953125000e+03
4.178794921875000000e+03
4.372733886718750000e+03
3.924256591796875000e+03
3.789625244140625000e+03
4.041505371093750000e+03
4.651495605468750000e+03
4.537207031250000000e+03
3.327546386718750000e+03
3.085995849609375000e+03
3.932234375000000000e+03
5.702209472656250000e+03
4.381917968750000000e+03
2.738933105468750000e+03
3.578470214843750000e+03
5.617783691406250000e+03
5.341125488281250000e+03
3.585380859375000000e+03
4.192079101562500000e+03
7.314334960937500000e+03
5.076685058593750000e+03
5.551889160156250000e+03
6.061062988281250000e+03
4.259819335937500000e+03
4.135923339843750000e+03
5.487425781250000000e+03
4.928767089843750000e+03
3.941734619140625000e+03
4.466982421875000000e+03
4.949028320312500000e+03
4.164115722656250000e+03
3.507329345703125000e+03
3.685457275390625000e+03
3.553929687500000000e+03
3.542204833984375000e+03
3.712782958984375000e+03
3.706731201171875000e+03
4.060209228515625000e+03
4.350427734375000000e+03
4.002374267578125000e+03
3.560849365234375000e+03
3.516407470703125000e+03
3.764544189453125000e+03
4.728264648437500000e+03
4.513019531250000000e+03
3.387046386718750000e+03
3.030259765625000000e+03
3.262243408203125000e+03
2.893336669921875000e+03
2.810528808593750000e+03
2.958525146484375000e+03
3.810857666015625000e+03
6.439825683593750000e+03
4.179648925781250000e+03
3.400400390625000000e+03
8.658376953125000000e+03
4.901702636718750000e+03
7.854258300781250000e+03
4.958035156250000000e+03
3.775360595703125000e+03
5.459971679687500000e+03
5.628174316406250000e+03
4.308419921875000000e+03
3.379242431640625000e+03
5.715453125000000000e+03
5.519656738281250000e+03
4.188445312500000000e+03
5.113778808593750000e+03
5.067468750000000000e+03
4.143758789062500000e+03
3.903713378906250000e+03
4.122149902343750000e+03
3.673700683593750000e+03
3.581386962890625000e+03
3.441835449218750000e+03
3.085289062500000000e+03
3.193565917968750000e+03
3.023012207031250000e+03
3.082191650390625000e+03
4.025438232421875000e+03
5.280250488281250000e+03
4.158421875000000000e+03
2.960248779296875000e+03
3.366934570312500000e+03
4.423702148437500000e+03
5.339391601562500000e+03
3.958974365234375000e+03
3.052732666015625000e+03
5.302141601562500000e+03
6.250575683593750000e+03
4.454480468750000000e+03
5.438564453125000000e+03
5.250691894531250000e+03
4.279276855468750000e+03
3.576057128906250000e+03
4.286675292968750000e+03
4.791047851562500000e+03
3.799779296875000000e+03
3.289337158203125000e+03
3.622201904296875000e+03
4.143522460937500000e+03
4.107658203125000000e+03
3.829810058593750000e+03
3.338475341796875000e+03
3.064060058593750000e+03
3.671686279296875000e+03
4.187689453125000000e+03
4.490973144531250000e+03
3.994742187500000000e+03
3.228560791015625000e+03
3.060914306640625000e+03
3.305166015625000000e+03
4.303888183593750000e+03
5.311127929687500000e+03
3.802172119140625000e+03
2.969705322265625000e+03
3.215741699218750000e+03
4.065157226562500000e+03
5.284532714843750000e+03
4.145756347656250000e+03
2.923609375000000000e+03
3.972905517578125000e+03
5.685963378906250000e+03
4.280157714843750000e+03
3.478107177734375000e+03
4.890476074218750000e+03
5.562779785156250000e+03
4.242047363281250000e+03
3.763365722656250000e+03
4.843237792968750000e+03
5.181831542968750000e+03
4.143147460937500000e+03
3.829609130859375000e+03
4.354568359375000000e+03
4.618281250000000000e+03
3.847477783203125000e+03
3.334428222656250000e+03
3.475367187500000000e+03
3.367361328125000000e+03
3.274206298828125000e+03
3.438441894531250000e+03
3.612138671875000000e+03
4.472259277343750000e+03
4.669055175781250000e+03
3.635177490234375000e+03
3.050814941406250000e+03
2.798274169921875000e+03
3.051243164062500000e+03
2.871139160156250000e+03
4.646880371093750000e+03
5.957194824218750000e+03
3.734037841796875000e+03
4.344062988281250000e+03
6.776351074218750000e+03
4.893571777343750000e+03
4.712047363281250000e+03
6.000035156250000000e+03
5.084840332031250000e+03
4.990431152343750000e+03
5.307288574218750000e+03
4.871365722656250000e+03
4.483540527343750000e+03
3.948512695312500000e+03
3.955051513671875000e+03
3.534664794921875000e+03
3.555652099609375000e+03
3.438137939453125000e+03
3.082685546875000000e+03
3.144673583984375000e+03
2.917932861328125000e+03
3.237047851562500000e+03
3.849562255859375000e+03
4.883853515625000000e+03
4.564993652343750000e+03
3.156262451171875000e+03
3.253102783203125000e+03
4.624536132812500000e+03
4.776325195312500000e+03
3.411830566406250000e+03
2.916276855468750000e+03
3.189492431640625000e+03
4.214679687500000000e+03
4.902425292968750000e+03
3.779559814453125000e+03
2.983139892578125000e+03
3.198689941406250000e+03
3.913765136718750000e+03
5.222311035156250000e+03
4.688451171875000000e+03
3.475552734375000000e+03
4.102101562500000000e+03
6.291141113281250000e+03
5.101408691406250000e+03
4.725831542968750000e+03
5.631435546875000000e+03
4.538871582031250000e+03
4.086154785156250000e+03
4.166388183593750000e+03
4.396403320312500000e+03
4.140300292968750000e+03
3.821254394531250000e+03
3.348643066406250000e+03
3.153816162109375000e+03
3.846086425781250000e+03
3.947904541015625000e+03
3.271413330078125000e+03
3.200718750000000000e+03
3.609767089843750000e+03
4.009999023437500000e+03
4.276536132812500000e+03
3.507941894531250000e+03
3.047779785156250000e+03
3.399603027343750000e+03
4.607485351562500000e+03
5.053333496093750000e+03
3.618884765625000000e+03
2.731944091796875000e+03
5.145543945312500000e+03
6.274757812500000000e+03
4.355217773437500000e+03
5.094558593750000000e+03
4.743929687500000000e+03
4.342740234375000000e+03
3.572388916015625000e+03
3.807447998046875000e+03
4.539744628906250000e+03
3.878276855468750000e+03
3.239481933593750000e+03
3.150698974609375000e+03
3.134645751953125000e+03
3.043829833984375000e+03
2.943078613281250000e+03
3.445213134765625000e+03
4.569543945312500000e+03
4.299683105468750000e+03
3.187853271484375000e+03
2.594464599609375000e+03
2.515404785156250000e+03
2.397530517578125000e+03
2.453759765625000000e+03
2.324394531250000000e+03
3.325016845703125000e+03
6.534943847656250000e+03
4.055815185546875000e+03
3.268805175781250000e+03
7.764273437500000000e+03
4.071630859375000000e+03
6.783824707031250000e+03
6.447436523437500000e+03
3.882951171875000000e+03
7.600643066406250000e+03
3.679235595703125000e+03
6.190877441406250000e+03
6.818115234375000000e+03
4.611734863281250000e+03
6.850009765625000000e+03
3.404043457031250000e+03
5.026800781250000000e+03
6.805462890625000000e+03
4.714820312500000000e+03
6.465454101562500000e+03
4.253875488281250000e+03
4.710579101562500000e+03
5.777818847656250000e+03
4.230145507812500000e+03
4.664771484375000000e+03
4.887554687500000000e+03
3.809775634765625000e+03
3.729312988281250000e+03
3.660209228515625000e+03
3.284541748046875000e+03
3.008974365234375000e+03
3.092100585937500000e+03
2.820883544921875000e+03
2.659083496093750000e+03
2.607245361328125000e+03
2.648856689453125000e+03
3.325958251953125000e+03
4.902076660156250000e+03
4.264442871093750000e+03
2.829502929687500000e+03
2.993709228515625000e+03
6.040650390625000000e+03
4.544373535156250000e+03
4.082511718750000000e+03
6.355389160156250000e+03
3.805032714843750000e+03
4.292791992187500000e+03
6.016713378906250000e+03
4.120145507812500000e+03
4.850754882812500000e+03
5.662652832031250000e+03
4.066927734375000000e+03
4.356957519531250000e+03
4.668570800781250000e+03
4.033734375000000000e+03
3.665133300781250000e+03
3.209145751953125000e+03
3.207167480468750000e+03
3.352793457031250000e+03
3.351260498046875000e+03
3.474088623046875000e+03
3.240581542968750000e+03
2.983988769531250000e+03
3.020682617187500000e+03
3.665326171875000000e+03
4.070952392578125000e+03
3.328662597656250000e+03
3.197090332031250000e+03
3.480695556640625000e+03
3.930310302734375000e+03
4.299786132812500000e+03
3.562926269531250000e+03
2.564443359375000000e+03
2.359811523437500000e+03
2.729384277343750000e+03
3.663906494140625000e+03
5.048499511718750000e+03
3.879269287109375000e+03
2.708764892578125000e+03
3.128267333984375000e+03
5.242618652343750000e+03
4.477479980468750000e+03
3.499160156250000000e+03
5.035598144531250000e+03
4.857362304687500000e+03
4.181378906250000000e+03
4.009506591796875000e+03
4.182241210937500000e+03
4.268804199218750000e+03
3.724522949218750000e+03
3.264930664062500000e+03
3.190984130859375000e+03
3.464001220703125000e+03
3.497381347656250000e+03
3.171860595703125000e+03
3.260606689453125000e+03
3.798823730468750000e+03
3.564543212890625000e+03
3.102591064453125000e+03
3.165583984375000000e+03
3.712244628906250000e+03
4.147091796875000000e+03
3.403147705078125000e+03
2.718199951171875000e+03
2.831172607421875000e+03
3.716920654296875000e+03
5.049364257812500000e+03
3.790949951171875000e+03
2.547638671875000000e+03
3.562166992187500000e+03
5.635468750000000000e+03
4.068676025390625000e+03
3.492664550781250000e+03
5.324608398437500000e+03
4.844017089843750000e+03
4.157777832031250000e+03
5.060710449218750000e+03
4.015485595703125000e+03
4.141251953125000000e+03
4.229257812500000000e+03
3.763544433593750000e+03
3.800076904296875000e+03
3.383093017578125000e+03
3.061839111328125000e+03
2.957815429687500000e+03
2.893320068359375000e+03
2.657112304687500000e+03
2.448986572265625000e+03
2.652014404296875000e+03
2.852333740234375000e+03
3.846737304687500000e+03
4.987397949218750000e+03
3.409605224609375000e+03
2.788730712890625000e+03
4.400071289062500000e+03
5.523527343750000000e+03
3.784602783203125000e+03
4.307196777343750000e+03
5.046243164062500000e+03
4.386189453125000000e+03
3.608876953125000000e+03
4.326387207031250000e+03
4.906909667968750000e+03
4.421827636718750000e+03
3.773533935546875000e+03
3.757391845703125000e+03
3.890265380859375000e+03
3.547869628906250000e+03
3.178190673828125000e+03
3.122304687500000000e+03
3.102805664062500000e+03
2.942346923828125000e+03
2.974627929687500000e+03
3.318861083984375000e+03
3.743403564453125000e+03
3.587339355468750000e+03
3.020905029296875000e+03
2.987332519531250000e+03
3.508595214843750000e+03
4.301989746093750000e+03
3.652814697265625000e+03
2.554875976562500000e+03
2.475072753906250000e+03
2.324871337890625000e+03
2.327028564453125000e+03
2.339221191406250000e+03
3.393737060546875000e+03
5.465106933593750000e+03
3.665586425781250000e+03
2.754656250000000000e+03
5.742369140625000000e+03
4.523332519531250000e+03
3.695899658203125000e+03
4.586975097656250000e+03
3.996370361328125000e+03
3.556281982421875000e+03
3.193871582031250000e+03
3.045192138671875000e+03
3.163526611328125000e+03
3.200020019531250000e+03
3.193555664062500000e+03
3.191390625000000000e+03
3.257121826171875000e+03
3.595806152343750000e+03
3.540420410156250000e+03
3.135407714843750000e+03
3.161784667968750000e+03
3.517782958984375000e+03
4.144557128906250000e+03
3.838837890625000000e+03
2.838830078125000000e+03
2.449159667968750000e+03
2.605391357421875000e+03
2.502734375000000000e+03
3.071539794921875000e+03
5.149476562500000000e+03
4.054971679687500000e+03
2.930559814453125000e+03
4.889726074218750000e+03
5.108317871093750000e+03
3.895151855468750000e+03
3.827038818359375000e+03
4.114413085937500000e+03
4.203687500000000000e+03
3.643461181640625000e+03
2.982198242187500000e+03
3.142546142578125000e+03
3.561393066406250000e+03
3.082254394531250000e+03
2.874615234375000000e+03
3.038409912109375000e+03
2.747760498046875000e+03
2.891927246093750000e+03
3.687846923828125000e+03
3.979644287109375000e+03
3.205275146484375000e+03
2.541276855468750000e+03
2.515098632812500000e+03
2.988798583984375000e+03
4.613608398437500000e+03
4.260843750000000000e+03
2.802544677734375000e+03
3.336340820312500000e+03
5.350504394531250000e+03
3.897943847656250000e+03
3.045946044921875000e+03
5.001106445312500000e+03
4.373543457031250000e+03
3.745084716796875000e+03
5.175288085937500000e+03
3.887404541015625000e+03
3.922635253906250000e+03
4.692575683593750000e+03
3.878745605468750000e+03
3.452836425781250000e+03
3.461189941406250000e+03
3.755684814453125000e+03
3.477980468750000000e+03
3.048763671875000000e+03
2.892975097656250000e+03
2.609804199218750000e+03
2.741650146484375000e+03
2.783502929687500000e+03
3.010668212890625000e+03
3.519965087890625000e+03
3.786906982421875000e+03
3.459469238281250000e+03
2.899093505859375000e+03
2.669371582031250000e+03
3.720340820312500000e+03
4.320968750000000000e+03
3.103532226562500000e+03
2.302091064453125000e+03
2.219065185546875000e+03
2.435518554687500000e+03
3.243670898437500000e+03
4.964651855468750000e+03
3.825183593750000000e+03
2.548460205078125000e+03
4.257562988281250000e+03
5.684213378906250000e+03
4.003410644531250000e+03
4.079366210937500000e+03
4.696809082031250000e+03
4.316742187500000000e+03
3.525092773437500000e+03
3.838731201171875000e+03
4.245786621093750000e+03
4.017195800781250000e+03
3.452601074218750000e+03
2.918610107421875000e+03
2.981449951171875000e+03
3.247985107421875000e+03
2.698994873046875000e+03
2.475580566406250000e+03
2.554538085937500000e+03
2.612972656250000000e+03
2.767853515625000000e+03
3.292025390625000000e+03
4.584524414062500000e+03
3.618798828125000000e+03
2.383075439453125000e+03
3.929954833984375000e+03
5.396426757812500000e+03
3.789066162109375000e+03
3.756743408203125000e+03
5.162118652343750000e+03
4.536354980468750000e+03
4.177272460937500000e+03
4.519710449218750000e+03
4.079191162109375000e+03
3.786234863281250000e+03
3.509196777343750000e+03
3.552284423828125000e+03
3.273790039062500000e+03
2.998953125000000000e+03
3.062754150390625000e+03
2.874414062500000000e+03
2.647432861328125000e+03
2.458497070312500000e+03
2.496131591796875000e+03
2.551984130859375000e+03
2.857421386718750000e+03
4.247527832031250000e+03
3.977019287109375000e+03
2.522584228515625000e+03
2.547998535156250000e+03
4.001901855468750000e+03
4.963464843750000000e+03
3.240061279296875000e+03
3.063000244140625000e+03
5.493923339843750000e+03
4.417490234375000000e+03
4.204944824218750000e+03
5.258191894531250000e+03
3.710752441406250000e+03
4.052129638671875000e+03
4.150305664062500000e+03
3.663865478515625000e+03
3.486227783203125000e+03
3.124717285156250000e+03
3.066018798828125000e+03
3.024436523437500000e+03
3.010667724609375000e+03
2.924647460937500000e+03
2.888241943359375000e+03
3.113423583984375000e+03
3.204158447265625000e+03
3.253499511718750000e+03
3.303657226562500000e+03
3.430916992187500000e+03
3.191342529296875000e+03
2.896520263671875000e+03
3.108694335937500000e+03
3.397032714843750000e+03
3.368690185546875000e+03
3.063989990234375000e+03
2.593944824218750000e+03
2.912858642578125000e+03
3.160369140625000000e+03
3.124454833984375000e+03
3.663158203125000000e+03
3.497666748046875000e+03
2.697745117187500000e+03
2.510024658203125000e+03
2.678699218750000000e+03
2.722946044921875000e+03
2.980866699218750000e+03
3.513055419921875000e+03
3.790446777343750000e+03
3.175043701171875000e+03
2.613020263671875000e+03
2.589375732421875000e+03
2.847269531250000000e+03
3.120715820312500000e+03
3.653421142578125000e+03
3.497810546875000000e+03
2.842229492187500000e+03
2.519490478515625000e+03
2.434499511718750000e+03
2.742156250000000000e+03
2.743342773437500000e+03
4.347615234375000000e+03
4.591586425781250000e+03
3.017329345703125000e+03
4.195395507812500000e+03
4.873433593750000000e+03
4.112762207031250000e+03
3.404444824218750000e+03
3.630705322265625000e+03
3.951352539062500000e+03
3.130445312500000000e+03
2.907182373046875000e+03
3.087976806640625000e+03
2.908614013671875000e+03
2.849546386718750000e+03
2.524333007812500000e+03
2.642031494140625000e+03
2.509999511718750000e+03
2.632826171875000000e+03
3.635359863281250000e+03
3.913623291015625000e+03
3.021510253906250000e+03
2.483986083984375000e+03
2.516313964843750000e+03
2.978269531250000000e+03
4.186412597656250000e+03
4.188987304687500000e+03
2.766535400390625000e+03
2.818834228515625000e+03
5.219247558593750000e+03
4.243590332031250000e+03
3.531946289062500000e+03
5.787188964843750000e+03
4.034675292968750000e+03
5.238150390625000000e+03
5.100311035156250000e+03
3.456964111328125000e+03
4.525735351562500000e+03
4.088229980468750000e+03
3.615217285156250000e+03
3.777943359375000000e+03
3.588608154296875000e+03
3.427635742187500000e+03
3.148347167968750000e+03
2.696846191406250000e+03
2.717593994140625000e+03
2.785746337890625000e+03
2.626358642578125000e+03
2.604918701171875000e+03
2.935193847656250000e+03
3.417477050781250000e+03
3.661574462890625000e+03
3.105722167968750000e+03
2.391287353515625000e+03
2.425303955078125000e+03
3.024646972656250000e+03
4.071209472656250000e+03
4.000383789062500000e+03
2.604767822265625000e+03
2.567147216796875000e+03
5.622800781250000000e+03
3.961075683593750000e+03
3.928029296875000000e+03
6.207080078125000000e+03
3.312413085937500000e+03
5.711370117187500000e+03
4.112019042968750000e+03
2.708711669921875000e+03
4.391793945312500000e+03
4.765302246093750000e+03
3.411205078125000000e+03
3.500412841796875000e+03
4.316169433593750000e+03
4.232908203125000000e+03
3.266267578125000000e+03
3.544169921875000000e+03
4.493805664062500000e+03
3.961401123046875000e+03
3.438280517578125000e+03
3.644211425781250000e+03
4.167200195312500000e+03
3.621808593750000000e+03
3.359326904296875000e+03
3.326468750000000000e+03
3.436162353515625000e+03
3.412508789062500000e+03
2.828272216796875000e+03
2.520152587890625000e+03
2.741792968750000000e+03
2.579892578125000000e+03
2.302870117187500000e+03
2.418096191406250000e+03
2.508811035156250000e+03
2.612660888671875000e+03
3.544211181640625000e+03
3.947298339843750000e+03
2.749833007812500000e+03
2.354543945312500000e+03
3.195444580078125000e+03
4.440838378906250000e+03
3.561514648437500000e+03
2.850883789062500000e+03
4.372198242187500000e+03
4.327503906250000000e+03
3.596844726562500000e+03
3.768437744140625000e+03
3.793088867187500000e+03
3.433552490234375000e+03
2.927304687500000000e+03
2.612092773437500000e+03
2.581332275390625000e+03
2.579337646484375000e+03
2.450876708984375000e+03
2.225332763671875000e+03
2.292901611328125000e+03
2.408607910156250000e+03
3.189074951171875000e+03
4.283682128906250000e+03
3.365961181640625000e+03
2.300008056640625000e+03
2.621639648437500000e+03
5.269343261718750000e+03
3.941746093750000000e+03
3.721858154296875000e+03
5.708770507812500000e+03
3.186715820312500000e+03
4.557062500000000000e+03
5.131786132812500000e+03
3.358416259765625000e+03
4.321481933593750000e+03
3.937489990234375000e+03
3.237371582031250000e+03
3.010616699218750000e+03
3.135718261718750000e+03
3.843983154296875000e+03
3.555380126953125000e+03
2.838443847656250000e+03
3.003166503906250000e+03
3.760408447265625000e+03
3.547404052734375000e+03
2.889230468750000000e+03
2.723444335937500000e+03
3.319984375000000000e+03
3.947088378906250000e+03
3.216699218750000000e+03
2.610642822265625000e+03
3.133527832031250000e+03
3.963054443359375000e+03
3.470603515625000000e+03
2.873459472656250000e+03
2.958506347656250000e+03
3.811241699218750000e+03
3.471252441406250000e+03
2.740599609375000000e+03
2.853741699218750000e+03
3.381774169921875000e+03
3.158728515625000000e+03
2.844180419921875000e+03
2.389020751953125000e+03
2.088356689453125000e+03
2.468696289062500000e+03
