2.153717187500000000e+05
1.705645000000000000e+05
1.264244375000000000e+05
8.401339062500000000e+04
5.028825390625000000e+04
3.903671093750000000e+04
4.854346484375000000e+04
6.229625390625000000e+04
6.897085937500000000e+04
6.787056250000000000e+04
6.121093750000000000e+04
5.054128906250000000e+04
3.905749609375000000e+04
3.114151562500000000e+04
2.996508203125000000e+04
3.416236328125000000e+04
3.864951953125000000e+04
4.059601953125000000e+04
3.885904687500000000e+04
3.446222265625000000e+04
2.878700195312500000e+04
2.436906054687500000e+04
2.274733007812500000e+04
2.388518945312500000e+04
2.582340429687500000e+04
2.675746093750000000e+04
2.604379296875000000e+04
2.377607421875000000e+04
2.087809179687500000e+04
1.901442187500000000e+04
1.859616601562500000e+04
1.945128515625000000e+04
2.026967773437500000e+04
2.010937500000000000e+04
1.872485351562500000e+04
1.676599414062500000e+04
1.565115234375000000e+04
1.561709277343750000e+04
1.609403808593750000e+04
1.632893945312500000e+04
1.577852343750000000e+04
1.457713769531250000e+04
1.369168457031250000e+04
1.354108691406250000e+04
1.384798535156250000e+04
1.381101464843750000e+04
1.327665136718750000e+04
1.241511328125000000e+04
1.203033984375000000e+04
1.207446679687500000e+04
1.218786621093750000e+04
1.187568164062500000e+04
1.127436914062500000e+04
1.094753222656250000e+04
1.096776367187500000e+04
1.094734667968750000e+04
1.063146582031250000e+04
1.018391503906250000e+04
9.952656250000000000e+03
9.986937500000000000e+03
9.840795898437500000e+03
9.514506835937500000e+03
9.288468750000000000e+03
9.183585937500000000e+03
9.126638671875000000e+03
8.909685546875000000e+03
8.652769531250000000e+03
8.534933593750000000e+03
8.514748046875000000e+03
8.355576171875000000e+03
8.113577148437500000e+03
8.098238769531250000e+03
7.995079101562500000e+03
7.755421386718750000e+03
7.690030273437500000e+03
7.575082519531250000e+03
7.463114746093750000e+03
7.344696777343750000e+03
7.183658691406250000e+03
7.170523925781250000e+03
7.040335937500000000e+03
6.882213867187500000e+03
6.841147949218750000e+03
6.682628906250000000e+03
6.586011718750000000e+03
6.555406738281250000e+03
6.483090332031250000e+03
6.401972167968750000e+03
6.278994140625000000e+03
6.213338867187500000e+03
6.061758300781250000e+03
6.057203125000000000e+03
5.957978515625000000e+03
5.908704101562500000e+03
5.826813476562500000e+03
5.695872558593750000e+03
5.673660156250000000e+03
5.648005371093750000e+03
5.553457031250000000e+03
5.503675292968750000e+03
5.410974121093750000e+03
5.368959472656250000e+03
5.287620117187500000e+03
5.227124511718750000e+03
5.205903320312500000e+03
5.129424316406250000e+03
5.075951660156250000e+03
5.037994140625000000e+03
4.951361328125000000e+03
4.914259765625000000e+03
4.844947265625000000e+03
4.805435546875000000e+03
4.768848632812500000e+03
4.699255371093750000e+03
4.673444335937500000e+03
4.612293457031250000e+03
4.584078613281250000e+03
4.522694824218750000e+03
4.491074218750000000e+03
4.448344726562500000e+03
4.375944824218750000e+03
4.362655273437500000e+03
4.296886230468750000e+03
4.263248046875000000e+03
4.218522949218750000e+03
4.205577148437500000e+03
4.156940429687500000e+03
4.090443115234375000e+03
4.075902343750000000e+03
4.057579589843750000e+03
3.998449462890625000e+03
3.956481933593750000e+03
3.929142822265625000e+03
3.875115966796875000e+03
3.824841552734375000e+03
3.812312255859375000e+03
3.813126953125000000e+03
3.751214599609375000e+03
3.703177001953125000e+03
3.723887451171875000e+03
3.657762451171875000e+03
3.617187988281250000e+03
3.588381835937500000e+03
3.575237060546875000e+03
3.536575927734375000e+03
3.508837158203125000e+03
3.485187255859375000e+03
3.450159423828125000e+03
3.410648437500000000e+03
3.390665283203125000e+03
3.360530273437500000e+03
3.345035644531250000e+03
3.322429443359375000e+03
3.290279052734375000e+03
3.270777832031250000e+03
3.229549804687500000e+03
3.203457275390625000e+03
3.185282226562500000e+03
3.166169189453125000e+03
3.143381591796875000e+03
3.099111816406250000e+03
3.114020263671875000e+03
3.061492919921875000e+03
3.040987060546875000e+03
3.004441894531250000e+03
3.001236328125000000e+03
2.991509521484375000e+03
2.939177734375000000e+03
2.948977294921875000e+03
2.918780517578125000e+03
2.891377929687500000e+03
2.864640136718750000e+03
2.853203857421875000e+03
2.815176757812500000e+03
2.803850097656250000e+03
2.795538818359375000e+03
2.772562744140625000e+03
2.773732421875000000e+03
2.735999267578125000e+03
2.746595703125000000e+03
2.720042480468750000e+03
2.684478759765625000e+03
2.674780761718750000e+03
2.654559326171875000e+03
2.625969970703125000e+03
2.634754638671875000e+03
2.635929199218750000e+03
2.632182861328125000e+03
2.688580566406250000e+03
2.729880126953125000e+03
2.779958007812500000e+03
2.790149169921875000e+03
2.836008544921875000e+03
2.756244140625000000e+03
2.637321533203125000e+03
2.548184570312500000e+03
2.513043945312500000e+03
2.462012939453125000e+03
2.441521972656250000e+03
2.474700439453125000e+03
2.566267333984375000e+03
2.701718261718750000e+03
2.865668945312500000e+03
2.842256835937500000e+03
2.623798583984375000e+03
2.428164794921875000e+03
2.341902587890625000e+03
2.301712402343750000e+03
2.290441162109375000e+03
2.284163818359375000e+03
2.317729980468750000e+03
2.412438476562500000e+03
2.652705566406250000e+03
3.005742187500000000e+03
2.952297607421875000e+03
2.531001220703125000e+03
2.281472900390625000e+03
2.197098144531250000e+03
2.149105468750000000e+03
2.153417724609375000e+03
2.138506591796875000e+03
2.157373046875000000e+03
2.202653564453125000e+03
2.448979492187500000e+03
2.928828857421875000e+03
3.095724609375000000e+03
2.539560058593750000e+03
2.198153320312500000e+03
2.077361572265625000e+03
2.035281616210937500e+03
2.030088989257812500e+03
2.004944458007812500e+03
2.020808837890625000e+03
2.029063354492187500e+03
2.110404541015625000e+03
2.475746337890625000e+03
3.138822753906250000e+03
2.846189453125000000e+03
2.312534179687500000e+03
2.075436523437500000e+03
2.024176879882812500e+03
2.066957275390625000e+03
2.332099121093750000e+03
2.834846191406250000e+03
2.841083984375000000e+03
2.307232910156250000e+03
2.032273071289062500e+03
1.949795532226562500e+03
1.899883422851562500e+03
1.898700195312500000e+03
1.946845947265625000e+03
2.137185546875000000e+03
2.660354736328125000e+03
2.886669677734375000e+03
2.383179443359375000e+03
1.980331665039062500e+03
1.877749511718750000e+03
1.864055908203125000e+03
1.899567993164062500e+03
2.105582763671875000e+03
2.609516601562500000e+03
2.818812988281250000e+03
2.303039062500000000e+03
1.980267700195312500e+03
1.854647094726562500e+03
1.854356323242187500e+03
1.959313110351562500e+03
2.339132324218750000e+03
2.745594970703125000e+03
2.393355712890625000e+03
2.028682861328125000e+03
1.886177001953125000e+03
1.893699462890625000e+03
2.024399414062500000e+03
2.362062255859375000e+03
2.543886230468750000e+03
2.244601074218750000e+03
1.939329711914062500e+03
1.809616088867187500e+03
1.791115966796875000e+03
1.821917114257812500e+03
1.994517578125000000e+03
2.368372558593750000e+03
2.531440429687500000e+03
2.156989746093750000e+03
1.844944091796875000e+03
1.745137695312500000e+03
1.708762084960937500e+03
1.737290283203125000e+03
1.897044921875000000e+03
2.295992675781250000e+03
2.523327636718750000e+03
2.174115478515625000e+03
1.855799438476562500e+03
1.744245727539062500e+03
1.740427856445312500e+03
1.839451660156250000e+03
2.134124023437500000e+03
2.464194824218750000e+03
2.225822265625000000e+03
1.916968383789062500e+03
1.772557373046875000e+03
1.770168457031250000e+03
1.883049316406250000e+03
2.130435302734375000e+03
2.281620117187500000e+03
2.111669921875000000e+03
1.870491333007812500e+03
1.784921508789062500e+03
1.795634643554687500e+03
1.930014160156250000e+03
2.088126464843750000e+03
2.140020019531250000e+03
2.020215576171875000e+03
1.883686889648437500e+03
1.802651733398437500e+03
1.843978027343750000e+03
1.932773437500000000e+03
2.076467773437500000e+03
2.071204833984375000e+03
1.908039916992187500e+03
1.787861694335937500e+03
1.749467285156250000e+03
1.793491943359375000e+03
1.882407714843750000e+03
1.989074340820312500e+03
2.014273193359375000e+03
1.913804687500000000e+03
1.823065185546875000e+03
1.749137817382812500e+03
1.739902954101562500e+03
1.794879394531250000e+03
1.898996948242187500e+03
1.954021606445312500e+03
1.932958862304687500e+03
1.806730468750000000e+03
1.732756225585937500e+03
1.715887939453125000e+03
1.771028198242187500e+03
1.856850830078125000e+03
1.894950439453125000e+03
1.827710693359375000e+03
1.763640625000000000e+03
1.724002197265625000e+03
1.765592407226562500e+03
1.802962524414062500e+03
1.866416503906250000e+03
1.871934326171875000e+03
1.831754882812500000e+03
1.727130859375000000e+03
1.673613769531250000e+03
1.657061523437500000e+03
1.732343505859375000e+03
1.821428710937500000e+03
1.916877563476562500e+03
1.872214599609375000e+03
1.765777587890625000e+03
1.681451904296875000e+03
1.645046386718750000e+03
1.682241333007812500e+03
1.787719970703125000e+03
1.852045776367187500e+03
1.831089965820312500e+03
1.728787963867187500e+03
1.678719482421875000e+03
1.667580932617187500e+03
1.706671630859375000e+03
1.739542846679687500e+03
1.765362792968750000e+03
1.766821777343750000e+03
1.723209838867187500e+03
1.675703613281250000e+03
1.642766967773437500e+03
1.665470458984375000e+03
1.708683105468750000e+03
1.758860351562500000e+03
1.755973510742187500e+03
1.690310546875000000e+03
1.670583251953125000e+03
1.632237792968750000e+03
1.638291992187500000e+03
1.661544433593750000e+03
1.704653808593750000e+03
1.708329223632812500e+03
1.691851074218750000e+03
1.670393676757812500e+03
1.656266113281250000e+03
1.680067626953125000e+03
1.692560546875000000e+03
1.708465209960937500e+03
1.696548461914062500e+03
1.648259521484375000e+03
1.620184204101562500e+03
1.617870239257812500e+03
1.645831665039062500e+03
1.654860961914062500e+03
1.661690917968750000e+03
1.654494873046875000e+03
1.627846679687500000e+03
1.610145019531250000e+03
1.626656494140625000e+03
1.632539916992187500e+03
1.650042968750000000e+03
1.663130493164062500e+03
1.672532104492187500e+03
1.643859985351562500e+03
1.613285522460937500e+03
1.547278686523437500e+03
1.537481567382812500e+03
1.560612915039062500e+03
1.656761108398437500e+03
1.708987670898437500e+03
1.680041381835937500e+03
1.554191528320312500e+03
1.507158691406250000e+03
1.525156127929687500e+03
1.620139770507812500e+03
1.674333007812500000e+03
1.674977172851562500e+03
1.600309204101562500e+03
1.525711181640625000e+03
1.499088134765625000e+03
1.544236572265625000e+03
1.655394165039062500e+03
1.742767822265625000e+03
1.618169311523437500e+03
1.503023681640625000e+03
1.427867065429687500e+03
1.421523071289062500e+03
1.490214477539062500e+03
1.650099975585937500e+03
1.722638671875000000e+03
1.634941406250000000e+03
1.505645996093750000e+03
1.448663085937500000e+03
1.444760864257812500e+03
1.555955932617187500e+03
1.666946655273437500e+03
1.674121337890625000e+03
1.561691894531250000e+03
1.473629760742187500e+03
1.447955932617187500e+03
1.516283447265625000e+03
1.628426025390625000e+03
1.697380981445312500e+03
1.586390869140625000e+03
1.476426757812500000e+03
1.445581542968750000e+03
1.494369262695312500e+03
1.591176879882812500e+03
1.644752441406250000e+03
1.592537719726562500e+03
1.511137939453125000e+03
1.445268188476562500e+03
1.440149047851562500e+03
1.487963989257812500e+03
1.568529174804687500e+03
1.597313598632812500e+03
1.554516967773437500e+03
1.471455078125000000e+03
1.447048706054687500e+03
1.486332397460937500e+03
1.576196533203125000e+03
1.572574951171875000e+03
1.513128173828125000e+03
1.447345703125000000e+03
1.430362060546875000e+03
1.472684082031250000e+03
1.550004150390625000e+03
1.555012695312500000e+03
1.496124511718750000e+03
1.444089477539062500e+03
1.446466674804687500e+03
1.482431762695312500e+03
1.550591430664062500e+03
1.539971313476562500e+03
1.495754760742187500e+03
1.492632812500000000e+03
1.510192016601562500e+03
1.495547607421875000e+03
1.487162231445312500e+03
1.464180664062500000e+03
1.470192260742187500e+03
1.490634399414062500e+03
1.524110961914062500e+03
1.473020141601562500e+03
1.448260864257812500e+03
1.426532348632812500e+03
1.458366333007812500e+03
1.477129394531250000e+03
1.492109863281250000e+03
1.466698120117187500e+03
1.468099487304687500e+03
1.472436645507812500e+03
1.468585449218750000e+03
1.444722656250000000e+03
1.463123168945312500e+03
1.461573974609375000e+03
1.454291625976562500e+03
1.419521606445312500e+03
1.438424316406250000e+03
1.445896972656250000e+03
1.449129638671875000e+03
1.424250488281250000e+03
1.433731079101562500e+03
1.474009155273437500e+03
1.473692016601562500e+03
1.429199218750000000e+03
1.409685180664062500e+03
1.422668090820312500e+03
1.462612670898437500e+03
1.463383056640625000e+03
1.444405883789062500e+03
1.401395019531250000e+03
1.380444580078125000e+03
1.389391479492187500e+03
1.444909790039062500e+03
1.447481933593750000e+03
1.422385498046875000e+03
1.385859619140625000e+03
1.400448364257812500e+03
1.428664428710937500e+03
1.484889770507812500e+03
1.440002441406250000e+03
1.384402587890625000e+03
1.335257934570312500e+03
1.360360351562500000e+03
1.432227783203125000e+03
1.488459472656250000e+03
1.455898437500000000e+03
1.376828247070312500e+03
1.338682739257812500e+03
1.385265991210937500e+03
1.430964111328125000e+03
1.480185546875000000e+03
1.408852783203125000e+03
1.324596679687500000e+03
1.279744140625000000e+03
1.323820556640625000e+03
1.413098144531250000e+03
1.497968261718750000e+03
1.453550903320312500e+03
1.365630737304687500e+03
1.320238037109375000e+03
1.351489135742187500e+03
1.423882812500000000e+03
1.477171142578125000e+03
1.389137695312500000e+03
1.298478759765625000e+03
1.273631591796875000e+03
1.362441894531250000e+03
1.445578125000000000e+03
1.436685180664062500e+03
1.362431884765625000e+03
1.314706054687500000e+03
1.316060302734375000e+03
1.365312866210937500e+03
1.374330200195312500e+03
1.357546752929687500e+03
1.338827880859375000e+03
1.363432983398437500e+03
1.404991088867187500e+03
1.447528930664062500e+03
1.384610229492187500e+03
1.315949096679687500e+03
1.268807128906250000e+03
1.313705444335937500e+03
1.372742309570312500e+03
1.425849609375000000e+03
1.392797851562500000e+03
1.326506835937500000e+03
1.275978027343750000e+03
1.297152465820312500e+03
1.349951293945312500e+03
1.403656860351562500e+03
1.365070800781250000e+03
1.336790771484375000e+03
1.314830078125000000e+03
1.321559082031250000e+03
1.340717407226562500e+03
1.369820556640625000e+03
1.374972656250000000e+03
1.361071411132812500e+03
1.321342285156250000e+03
1.327272338867187500e+03
1.352251098632812500e+03
1.378478271484375000e+03
1.342026367187500000e+03
1.328836303710937500e+03
1.337941162109375000e+03
1.349638916015625000e+03
1.312191772460937500e+03
1.296762207031250000e+03
1.278025268554687500e+03
1.306661499023437500e+03
1.328933105468750000e+03
1.355199584960937500e+03
1.352238403320312500e+03
1.334860351562500000e+03
1.314416137695312500e+03
1.313799560546875000e+03
1.316646240234375000e+03
1.305281860351562500e+03
1.285975708007812500e+03
1.316347167968750000e+03
1.327658203125000000e+03
1.340352905273437500e+03
1.299575561523437500e+03
1.290243041992187500e+03
1.289399658203125000e+03
1.291688598632812500e+03
1.305155883789062500e+03
1.327918945312500000e+03
1.324510253906250000e+03
1.320278442382812500e+03
1.285707519531250000e+03
1.285849975585937500e+03
1.289227050781250000e+03
1.329175781250000000e+03
1.307441528320312500e+03
1.277772460937500000e+03
1.263016113281250000e+03
1.289257568359375000e+03
1.332789916992187500e+03
1.321867553710937500e+03
1.256014648437500000e+03
1.209742675781250000e+03
1.225168090820312500e+03
1.310272583007812500e+03
1.344786010742187500e+03
1.325958007812500000e+03
1.262960571289062500e+03
1.214800415039062500e+03
1.210275268554687500e+03
1.263084228515625000e+03
1.293862060546875000e+03
1.344739379882812500e+03
1.307820190429687500e+03
1.260612670898437500e+03
1.219224853515625000e+03
1.256973266601562500e+03
1.292039672851562500e+03
1.303364135742187500e+03
1.268579223632812500e+03
1.284804565429687500e+03
1.264468627929687500e+03
1.275358642578125000e+03
1.264699462890625000e+03
1.292153930664062500e+03
1.284187500000000000e+03
1.276234375000000000e+03
1.243997192382812500e+03
1.241389038085937500e+03
1.250472045898437500e+03
1.279707031250000000e+03
1.258633422851562500e+03
1.250161132812500000e+03
1.222618286132812500e+03
1.249162231445312500e+03
1.285786132812500000e+03
1.291912353515625000e+03
1.232770629882812500e+03
1.205594970703125000e+03
1.206458251953125000e+03
1.281009521484375000e+03
1.306319824218750000e+03
1.261818847656250000e+03
1.203879516601562500e+03
1.206181762695312500e+03
1.226647216796875000e+03
1.257505615234375000e+03
1.269182739257812500e+03
1.282997558593750000e+03
1.216124267578125000e+03
1.213182373046875000e+03
1.229077270507812500e+03
1.272782470703125000e+03
1.250028320312500000e+03
1.247540283203125000e+03
1.214256835937500000e+03
1.204862915039062500e+03
1.237850585937500000e+03
1.281234741210937500e+03
1.260408447265625000e+03
1.238119995117187500e+03
1.186324829101562500e+03
1.198524414062500000e+03
1.236410888671875000e+03
1.269824584960937500e+03
1.262077270507812500e+03
1.247040771484375000e+03
1.217998046875000000e+03
1.223119628906250000e+03
1.221877807617187500e+03
1.228807739257812500e+03
1.218240356445312500e+03
1.221064331054687500e+03
1.202074096679687500e+03
1.218332519531250000e+03
1.233863037109375000e+03
1.255965942382812500e+03
1.235694335937500000e+03
1.231625610351562500e+03
1.200674682617187500e+03
1.208421020507812500e+03
1.211733764648437500e+03
1.251585205078125000e+03
1.232733642578125000e+03
1.206305297851562500e+03
1.173841430664062500e+03
1.202415649414062500e+03
1.228695434570312500e+03
1.253003906250000000e+03
1.220571655273437500e+03
1.189592285156250000e+03
1.164760009765625000e+03
1.197032714843750000e+03
1.224910156250000000e+03
1.238518676757812500e+03
1.216049804687500000e+03
1.206778808593750000e+03
1.185978271484375000e+03
1.210208129882812500e+03
1.209465820312500000e+03
1.202864501953125000e+03
1.177309570312500000e+03
1.188453002929687500e+03
1.193011230468750000e+03
1.219971801757812500e+03
1.204381958007812500e+03
1.183384521484375000e+03
1.160710327148437500e+03
1.182833740234375000e+03
1.202403564453125000e+03
1.217289306640625000e+03
1.192488525390625000e+03
1.184957641601562500e+03
1.163428833007812500e+03
1.196986450195312500e+03
1.211210449218750000e+03
1.219985717773437500e+03
1.190582031250000000e+03
1.155946533203125000e+03
1.141881713867187500e+03
1.197352050781250000e+03
1.216132324218750000e+03
1.221920776367187500e+03
1.153083984375000000e+03
1.145501953125000000e+03
1.185369384765625000e+03
1.261174682617187500e+03
1.207184692382812500e+03
1.167769897460937500e+03
1.127543579101562500e+03
1.157921020507812500e+03
1.217380371093750000e+03
1.253358886718750000e+03
1.166302001953125000e+03
1.101597045898437500e+03
1.104727172851562500e+03
1.157338745117187500e+03
1.194598632812500000e+03
1.211366821289062500e+03
1.167096313476562500e+03
1.144888427734375000e+03
1.148117309570312500e+03
1.168372558593750000e+03
1.175271972656250000e+03
1.178373779296875000e+03
1.160239990234375000e+03
1.177787109375000000e+03
1.194738647460937500e+03
1.174011596679687500e+03
1.130628173828125000e+03
1.123078735351562500e+03
1.157630371093750000e+03
1.194310180664062500e+03
1.165278808593750000e+03
1.146371948242187500e+03
1.124486938476562500e+03
1.140611572265625000e+03
1.168459472656250000e+03
1.180435302734375000e+03
1.153273071289062500e+03
1.141609252929687500e+03
1.146665161132812500e+03
1.186582153320312500e+03
1.183416748046875000e+03
1.156626708984375000e+03
1.131035278320312500e+03
1.162593627929687500e+03
1.184854125976562500e+03
1.182304199218750000e+03
1.123409667968750000e+03
1.096432495117187500e+03
1.121161010742187500e+03
1.187198730468750000e+03
1.220584472656250000e+03
1.165449707031250000e+03
1.075343872070312500e+03
1.065660034179687500e+03
1.108072509765625000e+03
1.210204589843750000e+03
1.216678466796875000e+03
1.135078125000000000e+03
1.064292114257812500e+03
1.073628051757812500e+03
1.147797241210937500e+03
1.210749267578125000e+03
1.159545043945312500e+03
1.102682373046875000e+03
1.081994384765625000e+03
1.103008666992187500e+03
1.148354370117187500e+03
1.204795166015625000e+03
1.161771850585937500e+03
1.103646972656250000e+03
1.078407714843750000e+03
1.124152465820312500e+03
1.145807006835937500e+03
1.159598022460937500e+03
1.123823120117187500e+03
1.112713012695312500e+03
1.108981323242187500e+03
1.136802001953125000e+03
1.136575927734375000e+03
1.158323242187500000e+03
1.138862304687500000e+03
1.131311889648437500e+03
1.113493652343750000e+03
1.121629760742187500e+03
1.134127685546875000e+03
1.129467529296875000e+03
1.092656616210937500e+03
1.100536010742187500e+03
1.114122924804687500e+03
1.138003906250000000e+03
1.115760986328125000e+03
1.109403198242187500e+03
1.102899414062500000e+03
1.117023315429687500e+03
1.126166625976562500e+03
1.141742675781250000e+03
1.111910888671875000e+03
1.107735351562500000e+03
1.083335327148437500e+03
1.108247680664062500e+03
1.129900390625000000e+03
1.135711791992187500e+03
1.113425903320312500e+03
1.121067749023437500e+03
1.124309570312500000e+03
1.136793334960937500e+03
1.125289062500000000e+03
1.116234252929687500e+03
1.107172241210937500e+03
1.115210449218750000e+03
1.090913452148437500e+03
1.099076904296875000e+03
1.134268920898437500e+03
1.141829833984375000e+03
1.098552856445312500e+03
1.081154052734375000e+03
1.081567382812500000e+03
1.141106323242187500e+03
1.159856689453125000e+03
1.123010253906250000e+03
1.077947387695312500e+03
1.081327026367187500e+03
1.107507934570312500e+03
1.138506469726562500e+03
1.107731201171875000e+03
1.082051147460937500e+03
1.054655761718750000e+03
1.096931152343750000e+03
1.106866577148437500e+03
1.112116088867187500e+03
1.075161254882812500e+03
1.076604370117187500e+03
1.093011230468750000e+03
1.146348022460937500e+03
1.120797485351562500e+03
1.101970825195312500e+03
1.047454956054687500e+03
1.051003173828125000e+03
1.114192138671875000e+03
1.172938476562500000e+03
1.115623413085937500e+03
1.052924194335937500e+03
1.029195312500000000e+03
1.081265502929687500e+03
1.131567260742187500e+03
1.131510864257812500e+03
1.064134033203125000e+03
1.047126464843750000e+03
1.067963500976562500e+03
1.118986083984375000e+03
1.129147094726562500e+03
1.100800048828125000e+03
1.036135742187500000e+03
1.047220214843750000e+03
1.084179809570312500e+03
1.171885742187500000e+03
1.124101440429687500e+03
1.037263183593750000e+03
1.004783935546875000e+03
1.054558593750000000e+03
1.148831054687500000e+03
1.157206054687500000e+03
1.054813476562500000e+03
1.014799987792968750e+03
1.039243530273437500e+03
1.114875976562500000e+03
1.126138061523437500e+03
1.067491088867187500e+03
1.012828613281250000e+03
1.026352050781250000e+03
1.092386352539062500e+03
1.136993164062500000e+03
1.085531250000000000e+03
1.038378295898437500e+03
1.022956970214843750e+03
1.059377197265625000e+03
1.099680297851562500e+03
1.120381225585937500e+03
1.072978759765625000e+03
1.020272460937500000e+03
1.032612548828125000e+03
1.075881103515625000e+03
1.121236572265625000e+03
1.120773803710937500e+03
1.047959472656250000e+03
1.012726989746093750e+03
1.006355529785156250e+03
1.082834350585937500e+03
1.107211791992187500e+03
1.078729492187500000e+03
1.024446899414062500e+03
1.013878662109375000e+03
1.041206909179687500e+03
1.085688354492187500e+03
1.086861083984375000e+03
1.065595703125000000e+03
1.041444702148437500e+03
1.052400146484375000e+03
1.065641845703125000e+03
1.077235107421875000e+03
1.072820434570312500e+03
1.054136962890625000e+03
1.041123046875000000e+03
1.078646118164062500e+03
1.090798095703125000e+03
1.067408569335937500e+03
1.044390136718750000e+03
1.040090332031250000e+03
1.057186767578125000e+03
1.075154296875000000e+03
1.050296142578125000e+03
1.049994506835937500e+03
1.045506958007812500e+03
1.060349121093750000e+03
1.062499023437500000e+03
1.053536132812500000e+03
1.053620483398437500e+03
1.077282226562500000e+03
1.062834472656250000e+03
1.070455688476562500e+03
1.033554199218750000e+03
1.030606079101562500e+03
1.016861267089843750e+03
1.033925048828125000e+03
1.060660522460937500e+03
1.059457031250000000e+03
1.054415893554687500e+03
1.060085327148437500e+03
1.047051269531250000e+03
1.050467895507812500e+03
1.047790893554687500e+03
1.063022583007812500e+03
1.047799072265625000e+03
1.034806640625000000e+03
1.028701049804687500e+03
1.038105102539062500e+03
1.024839233398437500e+03
1.041894897460937500e+03
1.054060058593750000e+03
1.078307250976562500e+03
1.037858032226562500e+03
1.002006347656250000e+03
9.982749633789062500e+02
1.054892456054687500e+03
1.066183593750000000e+03
1.041132202148437500e+03
1.009492126464843750e+03
1.019159729003906250e+03
1.036216186523437500e+03
1.057639282226562500e+03
1.050523437500000000e+03
1.029120605468750000e+03
9.912937011718750000e+02
1.012008300781250000e+03
1.054510375976562500e+03
1.077863891601562500e+03
1.053364501953125000e+03
1.008952514648437500e+03
9.673552856445312500e+02
1.012159606933593750e+03
1.090007324218750000e+03
1.111402465820312500e+03
1.016154235839843750e+03
9.731603393554687500e+02
1.000731567382812500e+03
1.069356201171875000e+03
1.053768066406250000e+03
1.008987548828125000e+03
9.873373413085937500e+02
1.022552124023437500e+03
1.037596801757812500e+03
1.070709594726562500e+03
1.036677612304687500e+03
1.002004333496093750e+03
9.763635253906250000e+02
9.961516113281250000e+02
1.060809936523437500e+03
1.083890258789062500e+03
1.005249572753906250e+03
9.656878051757812500e+02
9.862017211914062500e+02
1.065241699218750000e+03
1.080816162109375000e+03
1.034422119140625000e+03
9.579309082031250000e+02
9.611641845703125000e+02
1.019106384277343750e+03
1.080256347656250000e+03
1.028313110351562500e+03
9.735040893554687500e+02
9.692563476562500000e+02
1.007729980468750000e+03
1.064180908203125000e+03
1.053929077148437500e+03
9.838053588867187500e+02
9.707447509765625000e+02
1.013869750976562500e+03
1.071660400390625000e+03
1.063347045898437500e+03
9.913131103515625000e+02
9.476979370117187500e+02
1.000613952636718750e+03
1.062150634765625000e+03
1.052395751953125000e+03
9.883127441406250000e+02
9.515460205078125000e+02
9.743165893554687500e+02
1.045543945312500000e+03
1.053331542968750000e+03
1.017286010742187500e+03
9.651956787109375000e+02
9.932924804687500000e+02
1.043955078125000000e+03
1.063737548828125000e+03
1.009518249511718750e+03
9.670059814453125000e+02
9.630825805664062500e+02
1.006519653320312500e+03
1.043677734375000000e+03
1.050784545898437500e+03
9.937064208984375000e+02
9.558568115234375000e+02
9.659741821289062500e+02
1.043384033203125000e+03
1.041142578125000000e+03
1.007380432128906250e+03
9.692885742187500000e+02
9.882772216796875000e+02
1.021343383789062500e+03
1.017604125976562500e+03
9.870676879882812500e+02
9.971152343750000000e+02
9.950649414062500000e+02
1.017163146972656250e+03
1.002554931640625000e+03
9.921328125000000000e+02
9.840928344726562500e+02
1.013324890136718750e+03
1.035256713867187500e+03
1.011274291992187500e+03
9.678132324218750000e+02
9.632774047851562500e+02
9.745214233398437500e+02
1.030345581054687500e+03
1.024029541015625000e+03
9.946884155273437500e+02
9.543269653320312500e+02
9.813054809570312500e+02
1.018558837890625000e+03
1.024868774414062500e+03
9.921801757812500000e+02
9.804528198242187500e+02
9.811077880859375000e+02
1.004542114257812500e+03
1.001356994628906250e+03
9.990750732421875000e+02
9.811989746093750000e+02
9.941812133789062500e+02
1.007641967773437500e+03
9.955783081054687500e+02
9.673793334960937500e+02
9.865024414062500000e+02
1.008915832519531250e+03
1.028534301757812500e+03
9.840546875000000000e+02
9.416657714843750000e+02
9.519487304687500000e+02
1.026200439453125000e+03
1.035571655273437500e+03
9.778181762695312500e+02
9.270376586914062500e+02
9.262857666015625000e+02
9.972344970703125000e+02
1.059764648437500000e+03
9.855941772460937500e+02
9.336973266601562500e+02
9.392167358398437500e+02
1.026159545898437500e+03
1.031589355468750000e+03
9.903383178710937500e+02
9.268824462890625000e+02
9.528848266601562500e+02
1.000219055175781250e+03
1.042073730468750000e+03
9.790437011718750000e+02
9.297421875000000000e+02
9.362298583984375000e+02
1.021555603027343750e+03
1.033646728515625000e+03
9.741489257812500000e+02
9.039316406250000000e+02
9.464014892578125000e+02
1.017774475097656250e+03
1.021079589843750000e+03
9.586087036132812500e+02
9.354577026367187500e+02
9.542350463867187500e+02
9.894400634765625000e+02
9.808566894531250000e+02
9.745789794921875000e+02
9.550456542968750000e+02
9.583828125000000000e+02
9.703358764648437500e+02
9.882554321289062500e+02
9.794968872070312500e+02
9.645046386718750000e+02
9.433164062500000000e+02
9.730058593750000000e+02
9.684363403320312500e+02
9.624235839843750000e+02
9.718999023437500000e+02
9.806213378906250000e+02
9.667375488281250000e+02
9.491812744140625000e+02
9.552807006835937500e+02
9.972724609375000000e+02
9.733752441406250000e+02
9.531262817382812500e+02
9.569572753906250000e+02
9.976398315429687500e+02
9.918883056640625000e+02
9.561494750976562500e+02
9.340145263671875000e+02
9.686809082031250000e+02
9.868151245117187500e+02
9.832001953125000000e+02
9.401379394531250000e+02
9.251683959960937500e+02
9.599017333984375000e+02
1.000136962890625000e+03
9.869878540039062500e+02
9.461871948242187500e+02
9.128126831054687500e+02
9.418289794921875000e+02
9.885451660156250000e+02
1.008341247558593750e+03
9.352870483398437500e+02
8.961853027343750000e+02
9.375784301757812500e+02
1.011820556640625000e+03
9.968339233398437500e+02
9.358676147460937500e+02
9.096314697265625000e+02
9.437976074218750000e+02
9.852739257812500000e+02
9.880933227539062500e+02
9.208645629882812500e+02
9.141361083984375000e+02
9.529386596679687500e+02
1.005467773437500000e+03
9.721187133789062500e+02
9.216195678710937500e+02
9.032539672851562500e+02
9.676890869140625000e+02
9.976936645507812500e+02
9.744390258789062500e+02
9.213734130859375000e+02
9.041731567382812500e+02
9.342787475585937500e+02
1.006745178222656250e+03
9.866067504882812500e+02
9.218876953125000000e+02
9.008057250976562500e+02
9.387877197265625000e+02
9.953639526367187500e+02
9.854366455078125000e+02
9.143504028320312500e+02
9.012492675781250000e+02
9.482028808593750000e+02
1.007152282714843750e+03
9.749483642578125000e+02
9.324355468750000000e+02
8.996242065429687500e+02
9.308681030273437500e+02
9.826853027343750000e+02
9.891579589843750000e+02
9.262827758789062500e+02
9.045059814453125000e+02
9.334545898437500000e+02
9.873581542968750000e+02
9.625491333007812500e+02
9.325126953125000000e+02
9.083084106445312500e+02
9.477240600585937500e+02
9.710139160156250000e+02
9.544359741210937500e+02
9.100861816406250000e+02
9.141967163085937500e+02
9.292398071289062500e+02
9.768626708984375000e+02
9.683359985351562500e+02
9.239407348632812500e+02
9.006690673828125000e+02
9.439406127929687500e+02
9.747596435546875000e+02
9.557916259765625000e+02
9.023208618164062500e+02
9.148589477539062500e+02
9.505012207031250000e+02
9.725372314453125000e+02
9.380348510742187500e+02
9.021730957031250000e+02
9.052089233398437500e+02
9.583758544921875000e+02
9.669425048828125000e+02
9.555569458007812500e+02
9.242546997070312500e+02
9.180355834960937500e+02
9.190336914062500000e+02
9.448132324218750000e+02
9.544377441406250000e+02
9.529993286132812500e+02
9.269497070312500000e+02
8.937105102539062500e+02
9.328539428710937500e+02
9.824790039062500000e+02
9.516639404296875000e+02
9.180149536132812500e+02
8.780363769531250000e+02
9.224841918945312500e+02
9.749583740234375000e+02
9.812352905273437500e+02
9.148635864257812500e+02
8.797356567382812500e+02
8.945387573242187500e+02
9.735131835937500000e+02
9.859344482421875000e+02
9.251651000976562500e+02
8.798106689453125000e+02
9.147719116210937500e+02
9.437699584960937500e+02
9.571546020507812500e+02
9.240677490234375000e+02
8.993359375000000000e+02
9.167864990234375000e+02
9.589558105468750000e+02
9.242032470703125000e+02
9.071099243164062500e+02
9.017410278320312500e+02
9.361295166015625000e+02
9.500892944335937500e+02
9.416931762695312500e+02
8.928491821289062500e+02
8.939048461914062500e+02
9.242524414062500000e+02
9.594762573242187500e+02
9.400019531250000000e+02
9.139404907226562500e+02
8.955247802734375000e+02
9.227297363281250000e+02
9.429544067382812500e+02
9.393287353515625000e+02
9.061566162109375000e+02
8.984440917968750000e+02
9.203260498046875000e+02
9.306026000976562500e+02
9.234302368164062500e+02
9.099757690429687500e+02
9.003316650390625000e+02
9.185264892578125000e+02
9.242661132812500000e+02
9.283633422851562500e+02
8.945063476562500000e+02
9.136678466796875000e+02
9.322786865234375000e+02
9.169942626953125000e+02
8.833146972656250000e+02
8.958967895507812500e+02
9.205784912109375000e+02
9.279134521484375000e+02
9.096414184570312500e+02
9.154985351562500000e+02
9.099691162109375000e+02
9.277861328125000000e+02
9.205526123046875000e+02
9.085166625976562500e+02
9.018601074218750000e+02
9.171022949218750000e+02
9.223231811523437500e+02
9.305670776367187500e+02
9.039982910156250000e+02
8.945911865234375000e+02
9.098190307617187500e+02
9.289661865234375000e+02
9.129831542968750000e+02
8.976480712890625000e+02
9.133143310546875000e+02
9.565307006835937500e+02
9.141159057617187500e+02
8.734589843750000000e+02
8.745217895507812500e+02
9.184072265625000000e+02
9.336141357421875000e+02
9.034566040039062500e+02
8.803732910156250000e+02
8.944348754882812500e+02
9.362758178710937500e+02
9.566200561523437500e+02
8.968989257812500000e+02
8.586662597656250000e+02
8.719064331054687500e+02
9.191957397460937500e+02
9.221841430664062500e+02
9.066008300781250000e+02
8.801436767578125000e+02
8.992686157226562500e+02
9.249627075195312500e+02
9.262300415039062500e+02
8.897677001953125000e+02
8.812212524414062500e+02
8.883650512695312500e+02
9.128925170898437500e+02
9.157188110351562500e+02
8.984278564453125000e+02
8.902854614257812500e+02
9.164801635742187500e+02
9.074929199218750000e+02
8.927230834960937500e+02
8.826510009765625000e+02
9.058764038085937500e+02
9.133959350585937500e+02
9.069991455078125000e+02
8.758564453125000000e+02
8.951308593750000000e+02
9.061214599609375000e+02
9.221018676757812500e+02
8.874909057617187500e+02
8.679635009765625000e+02
8.744091796875000000e+02
9.167097778320312500e+02
9.417852783203125000e+02
9.010981445312500000e+02
8.480156250000000000e+02
8.532044067382812500e+02
9.188681640625000000e+02
9.475498046875000000e+02
8.986811523437500000e+02
8.551176147460937500e+02
8.444427490234375000e+02
9.034390258789062500e+02
9.445424804687500000e+02
9.135578002929687500e+02
8.572024536132812500e+02
8.666923828125000000e+02
9.158718261718750000e+02
9.350600585937500000e+02
8.805528564453125000e+02
8.463167114257812500e+02
8.743582153320312500e+02
9.459943847656250000e+02
9.221832275390625000e+02
8.828501586914062500e+02
8.551114501953125000e+02
8.889916992187500000e+02
9.283117065429687500e+02
9.112445678710937500e+02
8.672390747070312500e+02
8.582546997070312500e+02
8.877276611328125000e+02
9.140082397460937500e+02
8.953347167968750000e+02
8.836499023437500000e+02
8.743671875000000000e+02
8.846920776367187500e+02
9.041291503906250000e+02
9.156110839843750000e+02
8.684879760742187500e+02
8.754738159179687500e+02
8.853363037109375000e+02
8.931129760742187500e+02
8.870015258789062500e+02
8.679097900390625000e+02
8.628549194335937500e+02
8.963200683593750000e+02
9.066626586914062500e+02
8.924027709960937500e+02
8.576697998046875000e+02
8.778358154296875000e+02
8.943798217773437500e+02
9.054482421875000000e+02
8.758770141601562500e+02
8.780267944335937500e+02
8.718024291992187500e+02
9.021965942382812500e+02
9.027910766601562500e+02
8.847984619140625000e+02
8.633906860351562500e+02
8.655851440429687500e+02
8.751254272460937500e+02
8.900383300781250000e+02
8.691369018554687500e+02
8.716399536132812500e+02
8.809991455078125000e+02
8.981741943359375000e+02
8.915646972656250000e+02
8.662883911132812500e+02
8.401654663085937500e+02
8.680135498046875000e+02
9.144765625000000000e+02
9.205116577148437500e+02
8.459324951171875000e+02
8.233541870117187500e+02
8.706697998046875000e+02
9.346683349609375000e+02
9.042508544921875000e+02
8.302647705078125000e+02
8.300225219726562500e+02
9.017673950195312500e+02
9.310131835937500000e+02
8.874373779296875000e+02
8.225467529296875000e+02
8.303419189453125000e+02
9.000009155273437500e+02
9.338892822265625000e+02
8.671801757812500000e+02
8.107993774414062500e+02
8.305121459960937500e+02
9.066197509765625000e+02
9.119422607421875000e+02
8.790618286132812500e+02
8.417192382812500000e+02
8.575247192382812500e+02
8.925363159179687500e+02
8.843110961914062500e+02
8.599995727539062500e+02
8.560268554687500000e+02
8.621400756835937500e+02
8.983163452148437500e+02
8.852169189453125000e+02
8.551275634765625000e+02
8.524939575195312500e+02
8.598693237304687500e+02
8.723969726562500000e+02
8.962576293945312500e+02
8.755562744140625000e+02
8.512427368164062500e+02
8.607514038085937500e+02
8.814557495117187500e+02
8.806467895507812500e+02
8.777369995117187500e+02
8.436134643554687500e+02
8.521426391601562500e+02
8.748717041015625000e+02
8.962225341796875000e+02
8.735833740234375000e+02
8.498912353515625000e+02
8.367460327148437500e+02
8.707805786132812500e+02
8.928233032226562500e+02
8.748615112304687500e+02
8.408763427734375000e+02
8.418244018554687500e+02
8.735874633789062500e+02
9.056635131835937500e+02
8.713390502929687500e+02
8.504193725585937500e+02
8.298862304687500000e+02
8.699916381835937500e+02
9.107460327148437500e+02
8.777045288085937500e+02
8.289624023437500000e+02
8.361853027343750000e+02
8.915440063476562500e+02
9.102089843750000000e+02
8.622162475585937500e+02
8.318840942382812500e+02
8.508013916015625000e+02
8.863543701171875000e+02
8.755830688476562500e+02
8.636884765625000000e+02
8.401190795898437500e+02
8.486016235351562500e+02
8.526982421875000000e+02
8.717459106445312500e+02
8.687418823242187500e+02
8.710833129882812500e+02
8.402391357421875000e+02
8.557505493164062500e+02
8.847701416015625000e+02
8.818024902343750000e+02
8.357426757812500000e+02
8.457841186523437500e+02
8.692498168945312500e+02
8.908132324218750000e+02
8.445576782226562500e+02
8.219140014648437500e+02
8.447744750976562500e+02
8.739260864257812500e+02
8.761361083984375000e+02
8.679431152343750000e+02
8.372033691406250000e+02
8.480208129882812500e+02
8.964705810546875000e+02
8.943680419921875000e+02
8.274104614257812500e+02
8.287622070312500000e+02
8.673873291015625000e+02
8.968647460937500000e+02
8.559295043945312500e+02
8.208109130859375000e+02
8.372581787109375000e+02
8.785939331054687500e+02
8.931110839843750000e+02
8.665180664062500000e+02
8.377337036132812500e+02
8.401843261718750000e+02
8.600228881835937500e+02
8.615382690429687500e+02
8.353269042968750000e+02
8.293792114257812500e+02
8.469541015625000000e+02
8.754627075195312500e+02
8.625422363281250000e+02
8.249306030273437500e+02
8.314588623046875000e+02
8.813336791992187500e+02
8.689495239257812500e+02
8.441708374023437500e+02
8.163125000000000000e+02
8.487700195312500000e+02
8.867410278320312500e+02
8.446267700195312500e+02
8.052281494140625000e+02
8.337012329101562500e+02
8.870519409179687500e+02
8.843861083984375000e+02
8.308166503906250000e+02
8.168527221679687500e+02
8.451536254882812500e+02
8.931625976562500000e+02
8.494919433593750000e+02
8.172108154296875000e+02
8.177647705078125000e+02
8.613214721679687500e+02
8.891609497070312500e+02
8.446678466796875000e+02
8.079246826171875000e+02
8.146453247070312500e+02
8.424553833007812500e+02
8.622643432617187500e+02
8.400878906250000000e+02
8.152667846679687500e+02
8.283515625000000000e+02
8.660236816406250000e+02
8.692532348632812500e+02
8.331213378906250000e+02
8.020560302734375000e+02
8.275574340820312500e+02
8.705729370117187500e+02
8.695637207031250000e+02
8.200616455078125000e+02
7.928099975585937500e+02
8.253455810546875000e+02
8.812882690429687500e+02
8.682847900390625000e+02
8.217384643554687500e+02
8.028109741210937500e+02
8.469328613281250000e+02
8.804465942382812500e+02
8.550677490234375000e+02
8.128106079101562500e+02
8.148222045898437500e+02
8.563538208007812500e+02
8.890087890625000000e+02
8.503799438476562500e+02
8.035556030273437500e+02
8.064656372070312500e+02
8.581219482421875000e+02
8.717979736328125000e+02
8.412243041992187500e+02
8.009105834960937500e+02
8.233786621093750000e+02
8.423337402343750000e+02
8.661095581054687500e+02
8.532985839843750000e+02
8.254808349609375000e+02
8.097509155273437500e+02
8.561679687500000000e+02
8.558317871093750000e+02
8.372877807617187500e+02
8.124286499023437500e+02
8.275086669921875000e+02
8.603276367187500000e+02
8.469472045898437500e+02
8.043544311523437500e+02
8.196009521484375000e+02
8.477051391601562500e+02
8.527460327148437500e+02
8.248339233398437500e+02
8.032826538085937500e+02
8.213643188476562500e+02
8.664182128906250000e+02
8.605448608398437500e+02
8.185534057617187500e+02
7.998171997070312500e+02
8.173997192382812500e+02
8.507683715820312500e+02
8.476264038085937500e+02
8.235370483398437500e+02
8.221563110351562500e+02
8.239965820312500000e+02
8.312379150390625000e+02
8.228828735351562500e+02
8.347133178710937500e+02
8.433343505859375000e+02
8.352131958007812500e+02
8.238674316406250000e+02
8.209525146484375000e+02
8.268414306640625000e+02
8.533609619140625000e+02
8.474564819335937500e+02
8.319833984375000000e+02
8.066192016601562500e+02
8.192677612304687500e+02
8.651264038085937500e+02
8.601884155273437500e+02
8.098933105468750000e+02
7.880269775390625000e+02
8.155681762695312500e+02
8.375374755859375000e+02
8.414938354492187500e+02
8.220946044921875000e+02
8.020632934570312500e+02
8.028712158203125000e+02
8.393060302734375000e+02
8.669560546875000000e+02
8.302454833984375000e+02
8.033944091796875000e+02
8.045941162109375000e+02
8.501430664062500000e+02
8.664704589843750000e+02
8.071871948242187500e+02
7.770472412109375000e+02
8.306121826171875000e+02
8.750308227539062500e+02
8.514409790039062500e+02
7.757391357421875000e+02
7.812796630859375000e+02
8.327140502929687500e+02
8.683974609375000000e+02
8.270895385742187500e+02
8.029240112304687500e+02
7.940950927734375000e+02
8.390120239257812500e+02
8.474961547851562500e+02
8.342736206054687500e+02
8.021931152343750000e+02
8.076633911132812500e+02
8.238703613281250000e+02
8.456535034179687500e+02
8.259039916992187500e+02
8.006801147460937500e+02
8.161055297851562500e+02
8.421059570312500000e+02
8.317529296875000000e+02
8.154213256835937500e+02
8.163750000000000000e+02
8.246633911132812500e+02
8.270397949218750000e+02
8.311502075195312500e+02
8.131149902343750000e+02
7.911522216796875000e+02
8.019583129882812500e+02
8.382707519531250000e+02
8.369073486328125000e+02
8.133440551757812500e+02
7.932089233398437500e+02
8.216018676757812500e+02
8.535323486328125000e+02
8.164598999023437500e+02
7.922847290039062500e+02
7.987478637695312500e+02
8.246300048828125000e+02
8.444650878906250000e+02
8.131545410156250000e+02
8.083956909179687500e+02
7.946500244140625000e+02
8.310760498046875000e+02
8.380894775390625000e+02
8.254630126953125000e+02
7.992602539062500000e+02
8.080983276367187500e+02
8.311985473632812500e+02
8.511868896484375000e+02
8.286781005859375000e+02
7.986103515625000000e+02
7.969520874023437500e+02
8.228322753906250000e+02
8.274378662109375000e+02
8.249405517578125000e+02
8.143577270507812500e+02
8.042691040039062500e+02
7.977265014648437500e+02
8.101649169921875000e+02
8.338232421875000000e+02
8.287811279296875000e+02
8.021276855468750000e+02
7.983679199218750000e+02
8.132592773437500000e+02
8.155155639648437500e+02
8.099013671875000000e+02
8.059151611328125000e+02
8.170430297851562500e+02
8.349879760742187500e+02
7.927391967773437500e+02
7.812551269531250000e+02
8.094581909179687500e+02
8.474935302734375000e+02
8.119102172851562500e+02
7.753050537109375000e+02
7.860480346679687500e+02
8.360737915039062500e+02
8.221489868164062500e+02
7.865994873046875000e+02
7.728777465820312500e+02
8.151823120117187500e+02
8.542779541015625000e+02
8.183717041015625000e+02
7.776422729492187500e+02
7.751420898437500000e+02
8.092868652343750000e+02
8.437460937500000000e+02
8.234348144531250000e+02
7.987551879882812500e+02
7.897549438476562500e+02
8.182720336914062500e+02
8.232388305664062500e+02
8.121796875000000000e+02
7.876215209960937500e+02
8.005658569335937500e+02
8.216257324218750000e+02
8.125982666015625000e+02
7.875235595703125000e+02
7.911123046875000000e+02
8.112648315429687500e+02
8.335259399414062500e+02
8.075903930664062500e+02
7.888347778320312500e+02
7.841188964843750000e+02
8.097639160156250000e+02
8.348763427734375000e+02
8.092800292968750000e+02
7.646677246093750000e+02
7.633205566406250000e+02
8.038202514648437500e+02
8.237777099609375000e+02
7.873042602539062500e+02
7.773303833007812500e+02
8.088206787109375000e+02
8.261121215820312500e+02
8.005686035156250000e+02
7.832175292968750000e+02
8.025279541015625000e+02
8.120786132812500000e+02
8.033276367187500000e+02
7.758708496093750000e+02
8.055588989257812500e+02
8.112092895507812500e+02
8.056761474609375000e+02
7.859276123046875000e+02
7.821796875000000000e+02
7.973334350585937500e+02
7.994057617187500000e+02
8.034487304687500000e+02
7.996301269531250000e+02
8.082943725585937500e+02
7.920713500976562500e+02
7.964514160156250000e+02
7.969863281250000000e+02
7.900076293945312500e+02
7.845611572265625000e+02
8.063465576171875000e+02
8.108719482421875000e+02
7.817367553710937500e+02
7.824624023437500000e+02
8.072546386718750000e+02
7.987525634765625000e+02
7.986893920898437500e+02
7.640599365234375000e+02
7.800291137695312500e+02
7.816740112304687500e+02
8.265131835937500000e+02
8.075103759765625000e+02
7.852912597656250000e+02
7.608215942382812500e+02
7.767810058593750000e+02
8.131044311523437500e+02
8.227044677734375000e+02
7.898843994140625000e+02
7.689578857421875000e+02
7.849079589843750000e+02
8.237047729492187500e+02
8.223724365234375000e+02
7.743757324218750000e+02
7.669395751953125000e+02
8.119080200195312500e+02
8.446507568359375000e+02
7.961223144531250000e+02
7.422266845703125000e+02
7.689639892578125000e+02
8.269234619140625000e+02
8.335836791992187500e+02
7.749428710937500000e+02
7.432287597656250000e+02
7.665079345703125000e+02
8.231206054687500000e+02
8.253336181640625000e+02
7.858156738281250000e+02
7.452139282226562500e+02
7.610880126953125000e+02
8.046881713867187500e+02
8.254238281250000000e+02
7.919875488281250000e+02
7.555778808593750000e+02
7.797305908203125000e+02
8.195870361328125000e+02
7.931712646484375000e+02
7.804915771484375000e+02
7.636526489257812500e+02
7.896864624023437500e+02
8.087412719726562500e+02
7.978850708007812500e+02
7.604622802734375000e+02
7.552450561523437500e+02
7.753140869140625000e+02
8.223903198242187500e+02
8.064367675781250000e+02
7.649452514648437500e+02
7.591032104492187500e+02
7.880427246093750000e+02
8.115426025390625000e+02
7.909729614257812500e+02
7.813692626953125000e+02
7.798688964843750000e+02
8.164908447265625000e+02
8.162080078125000000e+02
7.623599243164062500e+02
7.477701416015625000e+02
7.749001464843750000e+02
8.271895751953125000e+02
7.993914184570312500e+02
7.525291137695312500e+02
7.353447265625000000e+02
7.815228881835937500e+02
8.386652221679687500e+02
7.966815795898437500e+02
7.321410522460937500e+02
7.569990234375000000e+02
8.241036376953125000e+02
8.281469726562500000e+02
7.524161987304687500e+02
7.365598144531250000e+02
7.754335937500000000e+02
8.291069946289062500e+02
7.922074584960937500e+02
7.304631958007812500e+02
7.452281494140625000e+02
8.016917724609375000e+02
8.213854980468750000e+02
7.570713500976562500e+02
7.165922241210937500e+02
7.389272460937500000e+02
8.005236816406250000e+02
8.167241210937500000e+02
7.657129516601562500e+02
7.385447998046875000e+02
7.649091796875000000e+02
8.179012451171875000e+02
8.024125366210937500e+02
7.674689941406250000e+02
7.574713134765625000e+02
7.950932006835937500e+02
8.129954223632812500e+02
7.838194580078125000e+02
7.552239379882812500e+02
7.669786987304687500e+02
8.038663330078125000e+02
7.979535522460937500e+02
7.598969116210937500e+02
7.686447143554687500e+02
7.841414184570312500e+02
7.785914916992187500e+02
7.845205078125000000e+02
7.907868652343750000e+02
7.786901855468750000e+02
7.573852539062500000e+02
7.746300659179687500e+02
8.065941772460937500e+02
7.795932617187500000e+02
7.581450195312500000e+02
7.675487670898437500e+02
7.884026489257812500e+02
7.960151977539062500e+02
7.626601562500000000e+02
7.522675781250000000e+02
7.886378784179687500e+02
7.865953979492187500e+02
7.734019165039062500e+02
7.495330200195312500e+02
7.704546508789062500e+02
8.013930664062500000e+02
7.905873413085937500e+02
7.566032104492187500e+02
7.521917724609375000e+02
7.848834228515625000e+02
8.190376586914062500e+02
7.697064819335937500e+02
7.331494750976562500e+02
7.525633544921875000e+02
7.949307250976562500e+02
7.959593505859375000e+02
7.596047973632812500e+02
7.214404907226562500e+02
7.677330322265625000e+02
8.249997558593750000e+02
8.001487426757812500e+02
7.458403930664062500e+02
7.277991943359375000e+02
7.781999511718750000e+02
8.139157104492187500e+02
7.694427490234375000e+02
7.263689575195312500e+02
7.550780029296875000e+02
8.039494018554687500e+02
7.991120605468750000e+02
7.483253173828125000e+02
7.295241088867187500e+02
7.765454711914062500e+02
8.153467407226562500e+02
7.800209350585937500e+02
7.383018798828125000e+02
7.434020385742187500e+02
7.899600219726562500e+02
8.019575805664062500e+02
7.703535766601562500e+02
7.295545654296875000e+02
7.711498413085937500e+02
8.009528808593750000e+02
7.803546752929687500e+02
7.532643432617187500e+02
7.353747558593750000e+02
7.742109375000000000e+02
8.218355712890625000e+02
7.660285034179687500e+02
7.126756591796875000e+02
7.499334716796875000e+02
8.166306152343750000e+02
7.959069824218750000e+02
7.462146606445312500e+02
7.387238769531250000e+02
7.725308227539062500e+02
8.037152099609375000e+02
7.650231933593750000e+02
