2.153717187500000000e+05
1.705645000000000000e+05
1.264244375000000000e+05
8.401339062500000000e+04
5.028825390625000000e+04
3.903671093750000000e+04
4.854346484375000000e+04
6.229625390625000000e+04
6.897085937500000000e+04
6.787056250000000000e+04
6.121093750000000000e+04
5.054128906250000000e+04
3.905749609375000000e+04
3.114151562500000000e+04
2.996508203125000000e+04
3.416236328125000000e+04
3.864951953125000000e+04
4.059601953125000000e+04
3.885904687500000000e+04
3.446222265625000000e+04
2.878700195312500000e+04
2.436906054687500000e+04
2.274733007812500000e+04
2.388518945312500000e+04
2.582340429687500000e+04
2.675746093750000000e+04
2.604379296875000000e+04
2.377607421875000000e+04
2.087809179687500000e+04
1.901442187500000000e+04
1.859616601562500000e+04
1.945128515625000000e+04
2.026967773437500000e+04
2.010937500000000000e+04
1.872485351562500000e+04
1.676599414062500000e+04
1.565115234375000000e+04
1.561709277343750000e+04
1.609403808593750000e+04
1.632893945312500000e+04
1.577852343750000000e+04
1.457713769531250000e+04
1.369168457031250000e+04
1.354108691406250000e+04
1.384798535156250000e+04
1.381101464843750000e+04
1.327665136718750000e+04
1.241511328125000000e+04
1.203033984375000000e+04
1.207446679687500000e+04
1.218786621093750000e+04
1.187568164062500000e+04
1.127436914062500000e+04
1.094753222656250000e+04
1.096776367187500000e+04
1.094734667968750000e+04
1.063146582031250000e+04
1.018391503906250000e+04
9.952656250000000000e+03
9.986937500000000000e+03
9.840795898437500000e+03
9.514506835937500000e+03
9.288468750000000000e+03
9.183585937500000000e+03
9.126638671875000000e+03
8.909685546875000000e+03
8.652769531250000000e+03
8.534933593750000000e+03
8.514748046875000000e+03
8.355576171875000000e+03
8.113577148437500000e+03
8.098238769531250000e+03
7.995079101562500000e+03
7.755421386718750000e+03
7.690030273437500000e+03
7.575082519531250000e+03
7.463114746093750000e+03
7.344696777343750000e+03
7.183658691406250000e+03
7.170523925781250000e+03
7.040335937500000000e+03
6.882213867187500000e+03
6.841147949218750000e+03
6.682628906250000000e+03
6.586011718750000000e+03
6.555406738281250000e+03
6.483090332031250000e+03
6.401972167968750000e+03
6.278994140625000000e+03
6.213338867187500000e+03
6.061758300781250000e+03
6.057203125000000000e+03
5.957978515625000000e+03
5.908704101562500000e+03
5.826813476562500000e+03
5.695872558593750000e+03
5.673660156250000000e+03
5.648005371093750000e+03
5.553457031250000000e+03
5.503675292968750000e+03
5.410974121093750000e+03
5.368959472656250000e+03
5.287620117187500000e+03
5.227124511718750000e+03
5.205903320312500000e+03
5.129424316406250000e+03
5.075951660156250000e+03
5.037994140625000000e+03
4.951361328125000000e+03
4.914259765625000000e+03
4.844947265625000000e+03
4.805435546875000000e+03
4.768848632812500000e+03
4.699255371093750000e+03
4.673444335937500000e+03
4.612293457031250000e+03
4.584078613281250000e+03
4.522694824218750000e+03
4.491074218750000000e+03
4.448344726562500000e+03
4.375944824218750000e+03
4.362655273437500000e+03
4.296886230468750000e+03
4.263248046875000000e+03
4.218522949218750000e+03
4.205577148437500000e+03
4.156940429687500000e+03
4.090443115234375000e+03
4.075902343750000000e+03
4.057579589843750000e+03
3.998449462890625000e+03
3.956481933593750000e+03
3.929142822265625000e+03
3.875115966796875000e+03
3.824841552734375000e+03
3.812312255859375000e+03
3.813126953125000000e+03
3.751214599609375000e+03
3.703177001953125000e+03
3.723887451171875000e+03
3.657762451171875000e+03
3.617187988281250000e+03
3.588381835937500000e+03
3.575237060546875000e+03
3.536575927734375000e+03
3.508837158203125000e+03
3.485187255859375000e+03
3.450159423828125000e+03
3.410648437500000000e+03
3.390665283203125000e+03
3.360530273437500000e+03
3.345035644531250000e+03
3.322429443359375000e+03
3.290279052734375000e+03
3.270777832031250000e+03
3.229549804687500000e+03
3.203457275390625000e+03
3.185282226562500000e+03
3.166169189453125000e+03
3.143381591796875000e+03
3.099111816406250000e+03
3.114020263671875000e+03
3.061492919921875000e+03
3.040987060546875000e+03
3.004441894531250000e+03
3.001236328125000000e+03
2.991509521484375000e+03
2.939177734375000000e+03
2.948977294921875000e+03
2.918780517578125000e+03
2.891377929687500000e+03
2.864640136718750000e+03
2.853203857421875000e+03
2.815176757812500000e+03
2.803850097656250000e+03
2.795538818359375000e+03
2.772562744140625000e+03
2.773732421875000000e+03
2.735999267578125000e+03
2.746595703125000000e+03
2.720042480468750000e+03
2.684478759765625000e+03
2.674780761718750000e+03
2.654559326171875000e+03
2.625969970703125000e+03
2.634754638671875000e+03
2.635929199218750000e+03
2.632182861328125000e+03
2.688580566406250000e+03
2.729880126953125000e+03
2.779958007812500000e+03
2.790149169921875000e+03
2.836008544921875000e+03
2.756244140625000000e+03
2.637321533203125000e+03
2.548184570312500000e+03
2.513043945312500000e+03
2.462012939453125000e+03
2.441521972656250000e+03
2.474700439453125000e+03
2.566267333984375000e+03
2.701718261718750000e+03
2.865668945312500000e+03
2.842256835937500000e+03
2.623798583984375000e+03
2.428164794921875000e+03
2.341902587890625000e+03
2.301712402343750000e+03
2.290441162109375000e+03
2.284163818359375000e+03
2.317729980468750000e+03
2.412438476562500000e+03
2.652705566406250000e+03
3.005742187500000000e+03
2.952297607421875000e+03
2.531001220703125000e+03
2.281472900390625000e+03
2.197098144531250000e+03
2.149105468750000000e+03
2.153417724609375000e+03
2.138506591796875000e+03
2.157373046875000000e+03
2.202653564453125000e+03
2.448979492187500000e+03
2.928828857421875000e+03
3.095724609375000000e+03
2.539560058593750000e+03
2.198153320312500000e+03
2.077361572265625000e+03
2.035281616210937500e+03
2.030088989257812500e+03
2.004944458007812500e+03
2.020808837890625000e+03
2.029063354492187500e+03
2.110404541015625000e+03
2.475746337890625000e+03
3.138822753906250000e+03
2.846189453125000000e+03
2.312534179687500000e+03
2.075436523437500000e+03
2.024176879882812500e+03
2.066957275390625000e+03
2.332099121093750000e+03
2.834846191406250000e+03
2.841083984375000000e+03
2.307232910156250000e+03
2.032273071289062500e+03
1.949795532226562500e+03
1.899883422851562500e+03
1.898700195312500000e+03
1.946845947265625000e+03
2.137185546875000000e+03
2.660354736328125000e+03
2.886669677734375000e+03
2.383179443359375000e+03
1.980331665039062500e+03
1.877749511718750000e+03
1.864055908203125000e+03
1.899567993164062500e+03
2.105582763671875000e+03
2.609516601562500000e+03
2.818812988281250000e+03
2.303039062500000000e+03
1.980267700195312500e+03
1.854647094726562500e+03
1.854356323242187500e+03
1.959313110351562500e+03
2.339132324218750000e+03
2.745594970703125000e+03
2.393355712890625000e+03
2.028682861328125000e+03
1.886177001953125000e+03
1.893699462890625000e+03
2.024399414062500000e+03
2.362062255859375000e+03
2.543886230468750000e+03
2.244601074218750000e+03
1.939329711914062500e+03
1.809616088867187500e+03
1.791115966796875000e+03
1.821917114257812500e+03
1.994517578125000000e+03
2.368372558593750000e+03
2.531440429687500000e+03
2.156989746093750000e+03
1.844944091796875000e+03
1.745137695312500000e+03
1.708762084960937500e+03
1.737290283203125000e+03
1.897044921875000000e+03
2.295992675781250000e+03
2.523327636718750000e+03
2.174115478515625000e+03
1.855799438476562500e+03
1.744245727539062500e+03
1.740427856445312500e+03
1.839451660156250000e+03
2.134124023437500000e+03
2.464194824218750000e+03
2.225822265625000000e+03
1.916968383789062500e+03
1.772557373046875000e+03
1.770168457031250000e+03
1.883049316406250000e+03
2.130435302734375000e+03
2.281620117187500000e+03
2.111669921875000000e+03
1.870491333007812500e+03
1.784921508789062500e+03
1.795634643554687500e+03
1.930014160156250000e+03
2.088126464843750000e+03
2.140020019531250000e+03
2.020215576171875000e+03
1.883686889648437500e+03
1.802651733398437500e+03
1.843978027343750000e+03
1.932773437500000000e+03
2.076467773437500000e+03
2.071204833984375000e+03
1.908039916992187500e+03
1.787861694335937500e+03
1.749467285156250000e+03
1.793491943359375000e+03
1.882407714843750000e+03
1.989074340820312500e+03
2.014273193359375000e+03
1.913804687500000000e+03
1.823065185546875000e+03
1.749137817382812500e+03
1.739902954101562500e+03
1.794879394531250000e+03
1.898996948242187500e+03
1.954021606445312500e+03
1.932958862304687500e+03
1.806730468750000000e+03
1.732756225585937500e+03
1.715887939453125000e+03
1.771028198242187500e+03
1.856850830078125000e+03
1.894950439453125000e+03
1.827710693359375000e+03
1.763640625000000000e+03
1.724002197265625000e+03
1.765592407226562500e+03
1.802962524414062500e+03
1.866416503906250000e+03
1.871934326171875000e+03
1.831754882812500000e+03
1.727130859375000000e+03
1.673613769531250000e+03
1.657061523437500000e+03
1.732343505859375000e+03
1.821428710937500000e+03
1.916877563476562500e+03
1.872214599609375000e+03
1.765777587890625000e+03
1.681451904296875000e+03
1.645046386718750000e+03
1.682241333007812500e+03
1.787719970703125000e+03
1.852045776367187500e+03
1.831089965820312500e+03
1.728787963867187500e+03
1.678719482421875000e+03
1.667580932617187500e+03
1.706671630859375000e+03
1.739542846679687500e+03
1.765362792968750000e+03
1.766821777343750000e+03
1.723209838867187500e+03
1.675703613281250000e+03
1.642766967773437500e+03
1.665470458984375000e+03
1.708683105468750000e+03
1.758860351562500000e+03
1.755973510742187500e+03
1.690310546875000000e+03
1.670583251953125000e+03
1.632237792968750000e+03
1.638291992187500000e+03
1.661544433593750000e+03
1.704653808593750000e+03
1.708329223632812500e+03
1.691851074218750000e+03
1.670393676757812500e+03
1.656266113281250000e+03
1.680067626953125000e+03
1.692560546875000000e+03
1.708465209960937500e+03
1.696548461914062500e+03
1.648259521484375000e+03
1.620184204101562500e+03
1.617870239257812500e+03
1.645831665039062500e+03
1.654860961914062500e+03
1.661690917968750000e+03
1.654494873046875000e+03
1.627846679687500000e+03
1.610145019531250000e+03
1.626656494140625000e+03
1.632539916992187500e+03
1.650042968750000000e+03
1.663130493164062500e+03
1.672532104492187500e+03
1.643859985351562500e+03
1.613285522460937500e+03
1.547278686523437500e+03
1.537481567382812500e+03
1.560612915039062500e+03
1.656761108398437500e+03
1.708987670898437500e+03
1.680041381835937500e+03
1.554191528320312500e+03
1.507158691406250000e+03
1.525156127929687500e+03
1.620139770507812500e+03
1.674333007812500000e+03
1.674977172851562500e+03
1.600309204101562500e+03
1.525711181640625000e+03
1.499088134765625000e+03
1.544236572265625000e+03
1.655394165039062500e+03
1.742767822265625000e+03
1.618169311523437500e+03
1.503023681640625000e+03
1.427867065429687500e+03
1.421523071289062500e+03
1.490214477539062500e+03
1.650099975585937500e+03
1.722638671875000000e+03
1.634941406250000000e+03
1.505645996093750000e+03
1.448663085937500000e+03
1.444760864257812500e+03
1.555955932617187500e+03
1.666946655273437500e+03
1.674121337890625000e+03
1.561691894531250000e+03
1.473629760742187500e+03
1.447955932617187500e+03
1.516283447265625000e+03
1.628426025390625000e+03
1.697380981445312500e+03
1.586390869140625000e+03
1.476426757812500000e+03
1.445581542968750000e+03
1.494369262695312500e+03
1.591176879882812500e+03
1.644752441406250000e+03
1.592537719726562500e+03
1.511137939453125000e+03
1.445268188476562500e+03
1.440149047851562500e+03
1.487963989257812500e+03
1.568529174804687500e+03
1.597313598632812500e+03
1.554516967773437500e+03
1.471455078125000000e+03
1.447048706054687500e+03
1.486332397460937500e+03
1.576196533203125000e+03
1.572574951171875000e+03
1.513128173828125000e+03
1.447345703125000000e+03
1.430362060546875000e+03
1.472684082031250000e+03
1.550004150390625000e+03
1.555012695312500000e+03
1.496124511718750000e+03
1.444089477539062500e+03
1.446466674804687500e+03
1.482431762695312500e+03
1.550591430664062500e+03
1.539971313476562500e+03
1.495754760742187500e+03
1.492632812500000000e+03
1.510192016601562500e+03
1.495547607421875000e+03
1.487162231445312500e+03
1.464180664062500000e+03
1.470192260742187500e+03
1.490634399414062500e+03
1.524110961914062500e+03
1.473020141601562500e+03
1.448260864257812500e+03
1.426532348632812500e+03
1.458366333007812500e+03
1.477129394531250000e+03
1.492109863281250000e+03
1.466698120117187500e+03
1.468099487304687500e+03
1.472436645507812500e+03
1.468585449218750000e+03
1.444722656250000000e+03
1.463123168945312500e+03
1.461573974609375000e+03
1.454291625976562500e+03
1.419521606445312500e+03
1.438424316406250000e+03
1.445896972656250000e+03
1.449129638671875000e+03
1.424250488281250000e+03
1.433731079101562500e+03
1.474009155273437500e+03
1.473692016601562500e+03
1.429199218750000000e+03
1.409685180664062500e+03
1.422668090820312500e+03
1.462612670898437500e+03
1.463383056640625000e+03
1.444405883789062500e+03
1.401395019531250000e+03
1.380444580078125000e+03
1.389391479492187500e+03
1.444909790039062500e+03
1.447481933593750000e+03
1.422385498046875000e+03
1.385859619140625000e+03
1.400448364257812500e+03
1.428664428710937500e+03
1.484889770507812500e+03
1.440002441406250000e+03
1.384402587890625000e+03
1.335257934570312500e+03
1.360360351562500000e+03
1.432227783203125000e+03
1.488459472656250000e+03
1.455898437500000000e+03
1.376828247070312500e+03
1.338682739257812500e+03
1.385265991210937500e+03
1.430964111328125000e+03
1.480185546875000000e+03
1.408852783203125000e+03
1.324596679687500000e+03
1.279744140625000000e+03
1.323820556640625000e+03
1.413098144531250000e+03
1.497968261718750000e+03
1.453550903320312500e+03
1.365630737304687500e+03
1.320238037109375000e+03
1.351489135742187500e+03
1.423882812500000000e+03
1.477171142578125000e+03
1.389137695312500000e+03
1.298478759765625000e+03
1.273631591796875000e+03
1.362441894531250000e+03
1.445578125000000000e+03
1.436685180664062500e+03
1.362431884765625000e+03
1.314706054687500000e+03
1.316060302734375000e+03
1.365312866210937500e+03
1.374330200195312500e+03
1.357546752929687500e+03
1.338827880859375000e+03
1.363432983398437500e+03
1.404991088867187500e+03
1.447528930664062500e+03
1.384610229492187500e+03
1.315949096679687500e+03
1.268807128906250000e+03
1.313705444335937500e+03
1.372742309570312500e+03
1.425849609375000000e+03
1.392797851562500000e+03
1.326506835937500000e+03
1.275978027343750000e+03
1.297152465820312500e+03
1.349951293945312500e+03
1.403656860351562500e+03
1.365070800781250000e+03
1.336790771484375000e+03
1.314830078125000000e+03
1.321559082031250000e+03
1.340717407226562500e+03
1.369820556640625000e+03
1.374972656250000000e+03
1.361071411132812500e+03
1.321342285156250000e+03
1.327272338867187500e+03
1.352251098632812500e+03
1.378478271484375000e+03
1.342026367187500000e+03
1.328836303710937500e+03
1.337941162109375000e+03
1.349638916015625000e+03
1.312191772460937500e+03
1.296762207031250000e+03
1.278025268554687500e+03
1.306661499023437500e+03
1.328933105468750000e+03
1.355199584960937500e+03
1.352238403320312500e+03
1.334860351562500000e+03
1.314416137695312500e+03
1.313799560546875000e+03
1.316646240234375000e+03
1.305281860351562500e+03
1.285975708007812500e+03
1.316347167968750000e+03
1.327658203125000000e+03
1.340352905273437500e+03
1.299575561523437500e+03
1.290243041992187500e+03
1.289399658203125000e+03
1.291688598632812500e+03
1.305155883789062500e+03
1.327918945312500000e+03
1.324510253906250000e+03
1.320278442382812500e+03
1.285707519531250000e+03
1.285849975585937500e+03
1.289227050781250000e+03
1.329175781250000000e+03
1.307441528320312500e+03
1.277772460937500000e+03
1.263016113281250000e+03
1.289257568359375000e+03
1.332789916992187500e+03
1.321867553710937500e+03
1.256014648437500000e+03
1.209742675781250000e+03
1.225168090820312500e+03
1.310272583007812500e+03
1.344786010742187500e+03
1.325958007812500000e+03
1.262960571289062500e+03
1.214800415039062500e+03
1.210275268554687500e+03
1.263084228515625000e+03
1.293862060546875000e+03
1.344739379882812500e+03
1.307820190429687500e+03
1.260612670898437500e+03
1.219224853515625000e+03
1.256973266601562500e+03
1.292039672851562500e+03
1.303364135742187500e+03
1.268579223632812500e+03
1.284804565429687500e+03
1.264468627929687500e+03
1.275358642578125000e+03
1.264699462890625000e+03
1.292153930664062500e+03
1.284187500000000000e+03
1.276234375000000000e+03
1.243997192382812500e+03
1.241389038085937500e+03
1.250472045898437500e+03
1.279707031250000000e+03
1.258633422851562500e+03
1.250161132812500000e+03
1.222618286132812500e+03
1.249162231445312500e+03
1.285786132812500000e+03
1.291912353515625000e+03
1.232770629882812500e+03
1.205594970703125000e+03
1.206458251953125000e+03
1.281009521484375000e+03
1.306319824218750000e+03
1.261818847656250000e+03
1.203879516601562500e+03
1.206181762695312500e+03
1.226647216796875000e+03
1.257505615234375000e+03
1.269182739257812500e+03
1.282997558593750000e+03
1.216124267578125000e+03
1.213182373046875000e+03
1.229077270507812500e+03
1.272782470703125000e+03
1.250028320312500000e+03
1.247540283203125000e+03
1.214256835937500000e+03
1.204862915039062500e+03
1.237850585937500000e+03
1.281234741210937500e+03
1.260408447265625000e+03
1.238119995117187500e+03
1.186324829101562500e+03
1.198524414062500000e+03
1.236410888671875000e+03
1.269824584960937500e+03
1.262077270507812500e+03
1.247040771484375000e+03
1.217998046875000000e+03
1.223119628906250000e+03
1.221877807617187500e+03
1.228807739257812500e+03
1.218240356445312500e+03
1.221064331054687500e+03
1.202074096679687500e+03
1.218332519531250000e+03
1.233863037109375000e+03
1.255965942382812500e+03
1.235694335937500000e+03
1.231625610351562500e+03
1.200674682617187500e+03
1.208421020507812500e+03
1.211733764648437500e+03
1.251585205078125000e+03
1.232733642578125000e+03
1.206305297851562500e+03
1.173841430664062500e+03
1.202415649414062500e+03
1.228695434570312500e+03
1.253003906250000000e+03
1.220571655273437500e+03
1.189592285156250000e+03
1.164760009765625000e+03
1.197032714843750000e+03
1.224910156250000000e+03
1.238518676757812500e+03
1.216049804687500000e+03
1.206778808593750000e+03
1.185978271484375000e+03
1.210208129882812500e+03
1.209465820312500000e+03
1.202864501953125000e+03
1.177309570312500000e+03
1.188453002929687500e+03
1.193011230468750000e+03
1.219971801757812500e+03
1.204381958007812500e+03
1.183384521484375000e+03
1.160710327148437500e+03
1.182833740234375000e+03
1.202403564453125000e+03
1.217289306640625000e+03
1.192488525390625000e+03
1.184957641601562500e+03
1.163428833007812500e+03
1.196986450195312500e+03
1.211210449218750000e+03
1.219985717773437500e+03
1.190582031250000000e+03
1.155946533203125000e+03
1.141881713867187500e+03
1.197352050781250000e+03
1.216132324218750000e+03
1.221920776367187500e+03
1.153083984375000000e+03
1.145501953125000000e+03
1.185369384765625000e+03
1.261174682617187500e+03
1.207184692382812500e+03
1.167769897460937500e+03
1.127543579101562500e+03
1.157921020507812500e+03
1.217380371093750000e+03
1.253358886718750000e+03
1.166302001953125000e+03
1.101597045898437500e+03
1.104727172851562500e+03
1.157338745117187500e+03
1.194598632812500000e+03
1.211366821289062500e+03
1.167096313476562500e+03
1.144888427734375000e+03
1.148117309570312500e+03
1.168372558593750000e+03
1.175271972656250000e+03
1.178373779296875000e+03
1.160239990234375000e+03
1.177787109375000000e+03
1.194738647460937500e+03
1.174011596679687500e+03
1.130628173828125000e+03
1.123078735351562500e+03
1.157630371093750000e+03
1.194310180664062500e+03
1.165278808593750000e+03
1.146371948242187500e+03
1.124486938476562500e+03
1.140611572265625000e+03
1.168459472656250000e+03
1.180435302734375000e+03
1.153273071289062500e+03
1.141609252929687500e+03
1.146665161132812500e+03
1.186582153320312500e+03
1.183416748046875000e+03
1.156626708984375000e+03
1.131035278320312500e+03
1.162593627929687500e+03
1.184854125976562500e+03
1.182304199218750000e+03
1.123409667968750000e+03
1.096432495117187500e+03
1.121161010742187500e+03
1.187198730468750000e+03
1.220584472656250000e+03
1.165449707031250000e+03
1.075343872070312500e+03
1.065660034179687500e+03
1.108072509765625000e+03
1.210204589843750000e+03
1.216678466796875000e+03
1.135078125000000000e+03
1.064292114257812500e+03
1.073628051757812500e+03
1.147797241210937500e+03
1.210749267578125000e+03
1.159545043945312500e+03
1.102682373046875000e+03
1.081994384765625000e+03
1.103008666992187500e+03
1.148354370117187500e+03
1.204795166015625000e+03
1.161771850585937500e+03
1.103646972656250000e+03
1.078407714843750000e+03
1.124152465820312500e+03
1.145807006835937500e+03
1.159598022460937500e+03
1.123823120117187500e+03
1.112713012695312500e+03
1.108981323242187500e+03
1.136802001953125000e+03
1.136575927734375000e+03
1.158323242187500000e+03
1.138862304687500000e+03
1.131311889648437500e+03
1.113493652343750000e+03
1.121629760742187500e+03
1.134127685546875000e+03
1.129467529296875000e+03
1.092656616210937500e+03
1.100536010742187500e+03
1.114122924804687500e+03
1.138003906250000000e+03
1.115760986328125000e+03
1.109403198242187500e+03
1.102899414062500000e+03
1.117023315429687500e+03
1.126166625976562500e+03
1.141742675781250000e+03
1.111910888671875000e+03
1.107735351562500000e+03
1.083335327148437500e+03
1.108247680664062500e+03
1.129900390625000000e+03
1.135711791992187500e+03
1.113425903320312500e+03
1.121067749023437500e+03
1.124309570312500000e+03
1.136793334960937500e+03
1.125289062500000000e+03
1.116234252929687500e+03
1.107172241210937500e+03
1.115210449218750000e+03
1.090913452148437500e+03
1.099076904296875000e+03
1.134268920898437500e+03
1.141829833984375000e+03
1.098552856445312500e+03
1.081154052734375000e+03
1.081567382812500000e+03
1.141106323242187500e+03
1.159856689453125000e+03
1.123010253906250000e+03
1.077947387695312500e+03
1.081327026367187500e+03
1.107507934570312500e+03
1.138506469726562500e+03
1.107731201171875000e+03
1.082051147460937500e+03
1.054655761718750000e+03
1.096931152343750000e+03
1.106866577148437500e+03
1.112116088867187500e+03
1.075161254882812500e+03
1.076604370117187500e+03
1.093011230468750000e+03
1.146348022460937500e+03
1.120797485351562500e+03
1.101970825195312500e+03
1.047454956054687500e+03
1.051003173828125000e+03
1.114192138671875000e+03
1.172938476562500000e+03
1.115623413085937500e+03
1.052924194335937500e+03
1.029195312500000000e+03
1.081265502929687500e+03
1.131567260742187500e+03
1.131510864257812500e+03
1.064134033203125000e+03
1.047126464843750000e+03
1.067963500976562500e+03
1.118986083984375000e+03
1.129147094726562500e+03
1.100800048828125000e+03
1.036135742187500000e+03
1.047220214843750000e+03
1.084179809570312500e+03
1.171885742187500000e+03
1.124101440429687500e+03
1.037263183593750000e+03
1.004783935546875000e+03
1.054558593750000000e+03
1.148831054687500000e+03
1.157206054687500000e+03
1.054813476562500000e+03
1.014799987792968750e+03
1.039243530273437500e+03
1.114875976562500000e+03
1.126138061523437500e+03
1.067491088867187500e+03
1.012828613281250000e+03
1.026352050781250000e+03
1.092386352539062500e+03
1.136993164062500000e+03
1.085531250000000000e+03
1.038378295898437500e+03
1.022956970214843750e+03
1.059377197265625000e+03
1.099680297851562500e+03
1.120381225585937500e+03
1.072978759765625000e+03
1.020272460937500000e+03
1.032612548828125000e+03
1.075881103515625000e+03
1.121236572265625000e+03
1.120773803710937500e+03
1.047959472656250000e+03
1.012726989746093750e+03
1.006355529785156250e+03
1.082834350585937500e+03
1.107211791992187500e+03
1.078729492187500000e+03
1.024446899414062500e+03
1.013878662109375000e+03
1.041206909179687500e+03
1.085688354492187500e+03
1.086861083984375000e+03
1.065595703125000000e+03
1.041444702148437500e+03
1.052400146484375000e+03
1.065641845703125000e+03
1.077235107421875000e+03
1.072820434570312500e+03
1.054136962890625000e+03
1.041123046875000000e+03
1.078646118164062500e+03
1.090798095703125000e+03
1.067408569335937500e+03
1.044390136718750000e+03
1.040090332031250000e+03
1.057186767578125000e+03
1.075154296875000000e+03
1.050296142578125000e+03
1.049994506835937500e+03
1.045506958007812500e+03
1.060349121093750000e+03
1.062499023437500000e+03
1.053536132812500000e+03
1.053620483398437500e+03
1.077282226562500000e+03
1.062834472656250000e+03
1.070455688476562500e+03
1.033554199218750000e+03
1.030606079101562500e+03
1.016861267089843750e+03
1.033925048828125000e+03
1.060660522460937500e+03
1.059457031250000000e+03
1.054415893554687500e+03
1.060085327148437500e+03
1.047051269531250000e+03
1.050467895507812500e+03
1.047790893554687500e+03
1.063022583007812500e+03
1.047799072265625000e+03
1.034806640625000000e+03
1.028701049804687500e+03
1.038105102539062500e+03
1.024839233398437500e+03
1.041894897460937500e+03
1.054060058593750000e+03
1.078307250976562500e+03
1.037858032226562500e+03
1.002006347656250000e+03
9.982749633789062500e+02
1.054892456054687500e+03
1.066183593750000000e+03
1.041132202148437500e+03
1.009492126464843750e+03
1.019159729003906250e+03
1.036216186523437500e+03
1.057639282226562500e+03
1.050523437500000000e+03
1.029120605468750000e+03
9.912937011718750000e+02
