1.448102968750000000e+05
3.159029687500000000e+05
2.485167187500000000e+05
7.603938281250000000e+04
1.490647500000000000e+05
1.932080937500000000e+05
1.439900156250000000e+05
5.358412109375000000e+04
8.630578125000000000e+04
1.260990625000000000e+05
1.072502421875000000e+05
5.390378515625000000e+04
4.583368750000000000e+04
8.005803125000000000e+04
7.936315625000000000e+04
4.810269921875000000e+04
3.050573632812500000e+04
5.306073828125000000e+04
5.886462890625000000e+04
4.010144140625000000e+04
2.476869921875000000e+04
4.021978125000000000e+04
4.518553515625000000e+04
2.987593554687500000e+04
2.130987500000000000e+04
3.408065625000000000e+04
3.277077343750000000e+04
1.901171093750000000e+04
2.338441015625000000e+04
2.949718554687500000e+04
2.008976171875000000e+04
1.719716796875000000e+04
2.437519531250000000e+04
1.797833203125000000e+04
1.501377734375000000e+04
2.059267578125000000e+04
1.440497753906250000e+04
1.479933691406250000e+04
1.740714648437500000e+04
1.135074316406250000e+04
1.513278808593750000e+04
1.305471093750000000e+04
1.135178808593750000e+04
1.356594433593750000e+04
9.382521484375000000e+03
1.247272460937500000e+04
8.889923828125000000e+03
1.148337011718750000e+04
8.840731445312500000e+03
1.077868945312500000e+04
8.482677734375000000e+03
1.051354003906250000e+04
7.865718750000000000e+03
1.056168652343750000e+04
7.183254394531250000e+03
1.065296289062500000e+04
6.602631347656250000e+03
1.023376562500000000e+04
6.298923339843750000e+03
8.550996093750000000e+03
7.347036621093750000e+03
6.073109375000000000e+03
8.199255859375000000e+03
5.972617675781250000e+03
5.944417968750000000e+03
7.599091796875000000e+03
5.833619140625000000e+03
5.100939941406250000e+03
6.276008789062500000e+03
6.636602050781250000e+03
5.304308105468750000e+03
4.577796386718750000e+03
4.972079101562500000e+03
6.249891113281250000e+03
6.847260742187500000e+03
5.690187988281250000e+03
4.657990234375000000e+03
4.315585449218750000e+03
4.368508789062500000e+03
5.112213867187500000e+03
7.330291015625000000e+03
7.357408691406250000e+03
5.129776367187500000e+03
4.257399902343750000e+03
4.482213378906250000e+03
6.418141113281250000e+03
8.451451171875000000e+03
5.483632324218750000e+03
4.133660156250000000e+03
3.917022705078125000e+03
4.775403808593750000e+03
8.513616210937500000e+03
7.049412597656250000e+03
4.650368164062500000e+03
3.849665039062500000e+03
4.109942382812500000e+03
6.784305175781250000e+03
9.458258789062500000e+03
4.842711425781250000e+03
4.555877441406250000e+03
1.081116503906250000e+04
5.291456054687500000e+03
5.052841308593750000e+03
1.235918359375000000e+04
5.221371093750000000e+03
1.195089550781250000e+04
5.882469238281250000e+03
5.218726074218750000e+03
1.047932617187500000e+04
5.606733886718750000e+03
6.130709472656250000e+03
1.164629687500000000e+04
5.008162109375000000e+03
1.141000781250000000e+04
5.930255371093750000e+03
5.336054687500000000e+03
1.108675488281250000e+04
5.229801269531250000e+03
9.070345703125000000e+03
9.453287109375000000e+03
5.259812011718750000e+03
9.661159179687500000e+03
6.461679199218750000e+03
4.510013671875000000e+03
5.289862304687500000e+03
8.860100585937500000e+03
6.109661621093750000e+03
5.505395507812500000e+03
1.048197167968750000e+04
6.346773925781250000e+03
9.228791015625000000e+03
7.630482421875000000e+03
5.836925781250000000e+03
7.162311035156250000e+03
7.522309570312500000e+03
6.014215820312500000e+03
5.623420898437500000e+03
7.598035156250000000e+03
6.515856445312500000e+03
5.745770507812500000e+03
6.785711425781250000e+03
5.826039062500000000e+03
5.325641601562500000e+03
5.826381347656250000e+03
5.437642089843750000e+03
4.928111328125000000e+03
4.606031738281250000e+03
4.715759277343750000e+03
5.045595703125000000e+03
5.295441406250000000e+03
5.566521484375000000e+03
5.251077148437500000e+03
4.826075683593750000e+03
4.732304199218750000e+03
4.467602050781250000e+03
5.269506835937500000e+03
5.916683105468750000e+03
5.832140136718750000e+03
5.653218750000000000e+03
4.842361816406250000e+03
4.887397460937500000e+03
5.352169433593750000e+03
5.140523437500000000e+03
5.721365234375000000e+03
5.979903320312500000e+03
5.483262695312500000e+03
5.153011230468750000e+03
5.128508300781250000e+03
5.220874511718750000e+03
5.355974121093750000e+03
5.503922363281250000e+03
5.505782714843750000e+03
5.355870117187500000e+03
5.123520019531250000e+03
5.343418945312500000e+03
5.072360351562500000e+03
5.453851562500000000e+03
6.120645996093750000e+03
5.332896972656250000e+03
5.481739257812500000e+03
5.186576171875000000e+03
5.114267578125000000e+03
5.588473144531250000e+03
5.131058105468750000e+03
5.579665527343750000e+03
5.106628906250000000e+03
5.159758789062500000e+03
5.268480468750000000e+03
4.991169921875000000e+03
5.822915527343750000e+03
5.091684082031250000e+03
4.963263183593750000e+03
5.453524414062500000e+03
5.320851562500000000e+03
6.079334960937500000e+03
6.161561035156250000e+03
5.694328613281250000e+03
5.154630371093750000e+03
5.792954101562500000e+03
6.450615722656250000e+03
5.654367187500000000e+03
5.895217773437500000e+03
5.664281250000000000e+03
4.932229980468750000e+03
5.883565429687500000e+03
5.991219238281250000e+03
6.117001464843750000e+03
5.673978027343750000e+03
5.493559082031250000e+03
6.390297363281250000e+03
5.835671386718750000e+03
5.580965820312500000e+03
5.954832519531250000e+03
5.100142578125000000e+03
6.146780273437500000e+03
6.821144531250000000e+03
5.121742675781250000e+03
5.604181640625000000e+03
5.381934570312500000e+03
5.180200683593750000e+03
6.740830078125000000e+03
6.218689941406250000e+03
5.373261230468750000e+03
5.244365234375000000e+03
4.589700195312500000e+03
5.327728027343750000e+03
5.954771484375000000e+03
6.651060546875000000e+03
6.896708496093750000e+03
5.455534179687500000e+03
4.795915039062500000e+03
5.454312988281250000e+03
5.450295410156250000e+03
6.743125488281250000e+03
6.869545410156250000e+03
4.850959960937500000e+03
5.137726562500000000e+03
5.019169433593750000e+03
4.944891601562500000e+03
8.080717285156250000e+03
7.187439941406250000e+03
4.701256835937500000e+03
7.642983886718750000e+03
8.876885742187500000e+03
6.424634765625000000e+03
6.239481933593750000e+03
6.979983886718750000e+03
6.838402832031250000e+03
5.697134765625000000e+03
5.669974121093750000e+03
5.446319335937500000e+03
5.115282714843750000e+03
5.102280273437500000e+03
5.114437500000000000e+03
5.463424804687500000e+03
6.241163085937500000e+03
6.949772460937500000e+03
6.105632324218750000e+03
5.189118164062500000e+03
5.329928710937500000e+03
6.536028320312500000e+03
7.958058105468750000e+03
6.167769042968750000e+03
4.063398193359375000e+03
4.813726074218750000e+03
7.469072265625000000e+03
8.471088867187500000e+03
5.285670898437500000e+03
4.974415527343750000e+03
1.028154687500000000e+04
7.806389648437500000e+03
7.974479003906250000e+03
1.101861816406250000e+04
5.837302734375000000e+03
9.460517578125000000e+03
8.219040039062500000e+03
6.465800781250000000e+03
7.666578125000000000e+03
8.204676757812500000e+03
6.540860351562500000e+03
5.869552734375000000e+03
6.545260253906250000e+03
7.334219238281250000e+03
6.583064941406250000e+03
5.547232910156250000e+03
5.854687011718750000e+03
7.529408203125000000e+03
6.813549316406250000e+03
5.453863769531250000e+03
6.172276367187500000e+03
7.731972656250000000e+03
6.820238281250000000e+03
5.724122070312500000e+03
6.286479492187500000e+03
7.959815429687500000e+03
7.229197265625000000e+03
6.376561523437500000e+03
6.537903808593750000e+03
7.765762695312500000e+03
7.141803222656250000e+03
6.375221679687500000e+03
5.967627929687500000e+03
7.199765136718750000e+03
7.226827636718750000e+03
6.101339355468750000e+03
5.751779296875000000e+03
6.424482910156250000e+03
6.865831542968750000e+03
6.074187988281250000e+03
5.213721679687500000e+03
4.892776367187500000e+03
6.131752441406250000e+03
6.748450195312500000e+03
5.562669433593750000e+03
4.304653808593750000e+03
4.573144042968750000e+03
4.926631347656250000e+03
4.606218261718750000e+03
5.593746093750000000e+03
8.041069824218750000e+03
6.598097167968750000e+03
4.778947265625000000e+03
7.201819824218750000e+03
1.030961035156250000e+04
7.457037597656250000e+03
8.025864257812500000e+03
6.778886718750000000e+03
6.097684082031250000e+03
5.615514160156250000e+03
5.028515136718750000e+03
4.847443359375000000e+03
4.270361328125000000e+03
4.851175781250000000e+03
5.332826171875000000e+03
5.868113769531250000e+03
6.227384277343750000e+03
6.211770507812500000e+03
5.899370117187500000e+03
5.382775878906250000e+03
5.773616699218750000e+03
7.286852539062500000e+03
6.382698242187500000e+03
4.332698730468750000e+03
3.853359619140625000e+03
5.400358886718750000e+03
8.364113281250000000e+03
6.187468261718750000e+03
4.032422607421875000e+03
5.459805664062500000e+03
1.048821875000000000e+04
6.302553710937500000e+03
6.904489257812500000e+03
1.063395507812500000e+04
5.641852050781250000e+03
9.278349609375000000e+03
9.351251953125000000e+03
5.947234863281250000e+03
9.295615234375000000e+03
6.759956542968750000e+03
5.118249023437500000e+03
5.001157714843750000e+03
7.788555664062500000e+03
7.811766113281250000e+03
6.051247558593750000e+03
7.700981933593750000e+03
7.179310546875000000e+03
6.042769042968750000e+03
4.944632324218750000e+03
6.038330078125000000e+03
7.127245117187500000e+03
5.713873535156250000e+03
4.871174804687500000e+03
5.770925781250000000e+03
6.456136718750000000e+03
5.713784667968750000e+03
4.723446777343750000e+03
4.522008300781250000e+03
4.933666503906250000e+03
4.786763183593750000e+03
4.957360351562500000e+03
5.034355957031250000e+03
4.993319335937500000e+03
6.414419433593750000e+03
6.084955566406250000e+03
4.519822265625000000e+03
3.947288818359375000e+03
4.058533935546875000e+03
3.995079345703125000e+03
4.556385742187500000e+03
7.563318359375000000e+03
7.878282714843750000e+03
4.999865234375000000e+03
6.850254882812500000e+03
8.750813476562500000e+03
7.303850097656250000e+03
6.400958496093750000e+03
7.439184082031250000e+03
7.734185058593750000e+03
7.033602539062500000e+03
6.373008789062500000e+03
6.116647460937500000e+03
6.374178710937500000e+03
5.642229003906250000e+03
5.281927246093750000e+03
4.919916992187500000e+03
4.824445312500000000e+03
4.889307128906250000e+03
4.354885742187500000e+03
5.174246093750000000e+03
6.665362792968750000e+03
5.541532226562500000e+03
4.357221679687500000e+03
4.230956054687500000e+03
4.514703613281250000e+03
5.697167480468750000e+03
7.837881347656250000e+03
5.896047851562500000e+03
4.309101074218750000e+03
6.862966796875000000e+03
9.132904296875000000e+03
6.671703125000000000e+03
6.608055175781250000e+03
6.425004882812500000e+03
7.234556152343750000e+03
6.158770019531250000e+03
4.948188476562500000e+03
5.026701171875000000e+03
5.831478515625000000e+03
5.427311035156250000e+03
4.479514648437500000e+03
4.294927246093750000e+03
4.817307617187500000e+03
4.263428222656250000e+03
4.477317382812500000e+03
6.259921875000000000e+03
6.006588378906250000e+03
4.594346191406250000e+03
4.297781738281250000e+03
4.491238769531250000e+03
6.049820312500000000e+03
7.033672851562500000e+03
5.076039550781250000e+03
3.909465576171875000e+03
5.531371093750000000e+03
8.253236328125000000e+03
6.340772949218750000e+03
5.466488769531250000e+03
8.923244140625000000e+03
6.619876953125000000e+03
6.084121093750000000e+03
7.201362304687500000e+03
6.008665527343750000e+03
5.474632324218750000e+03
4.815568359375000000e+03
4.550080566406250000e+03
4.578221191406250000e+03
4.498712890625000000e+03
4.541712890625000000e+03
4.430616699218750000e+03
5.165429199218750000e+03
6.294522949218750000e+03
5.465104003906250000e+03
4.333041015625000000e+03
4.260350097656250000e+03
5.541872558593750000e+03
7.393323730468750000e+03
5.914658203125000000e+03
3.820011962890625000e+03
4.255445800781250000e+03
8.721381835937500000e+03
7.046170898437500000e+03
5.743062988281250000e+03
9.058118164062500000e+03
5.429234375000000000e+03
5.194354492187500000e+03
9.502988281250000000e+03
5.860649902343750000e+03
7.777140625000000000e+03
8.339452148437500000e+03
5.128889160156250000e+03
6.655246582031250000e+03
7.468929199218750000e+03
5.685022460937500000e+03
4.823515625000000000e+03
5.991360839843750000e+03
7.186658691406250000e+03
5.848392089843750000e+03
5.049780761718750000e+03
6.150650390625000000e+03
6.766926269531250000e+03
5.454283203125000000e+03
4.814068847656250000e+03
5.276508300781250000e+03
5.821385742187500000e+03
5.765059570312500000e+03
4.919615234375000000e+03
3.843662597656250000e+03
4.044597412109375000e+03
4.253932128906250000e+03
4.066562011718750000e+03
5.171365234375000000e+03
6.170703125000000000e+03
5.384149902343750000e+03
4.150120605468750000e+03
3.814400878906250000e+03
4.961803222656250000e+03
7.195852539062500000e+03
5.726678710937500000e+03
3.745358642578125000e+03
5.660783691406250000e+03
9.178460937500000000e+03
6.334997070312500000e+03
6.721182617187500000e+03
7.067886230468750000e+03
6.415907226562500000e+03
5.436874511718750000e+03
5.181775390625000000e+03
6.510793945312500000e+03
6.660129394531250000e+03
5.461897949218750000e+03
4.759735839843750000e+03
5.333684570312500000e+03
5.387490234375000000e+03
4.678532226562500000e+03
4.304687500000000000e+03
4.194750976562500000e+03
4.124741699218750000e+03
3.875351806640625000e+03
4.025141357421875000e+03
4.904438476562500000e+03
6.850512695312500000e+03
5.358731933593750000e+03
3.596832275390625000e+03
4.320002441406250000e+03
6.692024414062500000e+03
6.356328613281250000e+03
4.248578613281250000e+03
4.391520507812500000e+03
7.136285156250000000e+03
7.131817382812500000e+03
5.390939453125000000e+03
6.347153320312500000e+03
6.216218261718750000e+03
5.669300781250000000e+03
4.890805175781250000e+03
4.150125976562500000e+03
4.259581054687500000e+03
5.140165039062500000e+03
5.663587890625000000e+03
4.866158203125000000e+03
4.200937011718750000e+03
4.231435058593750000e+03
5.119574707031250000e+03
6.103493164062500000e+03
5.130476562500000000e+03
3.651059326171875000e+03
3.415827148437500000e+03
3.531824462890625000e+03
5.080551757812500000e+03
7.798573242187500000e+03
5.433278320312500000e+03
3.906065429687500000e+03
9.047266601562500000e+03
6.574198730468750000e+03
5.883351074218750000e+03
8.950897460937500000e+03
5.224553222656250000e+03
7.855957519531250000e+03
8.025143554687500000e+03
5.306903320312500000e+03
7.894409179687500000e+03
5.984193847656250000e+03
5.519769531250000000e+03
7.204275390625000000e+03
5.709556152343750000e+03
4.916533691406250000e+03
4.935092773437500000e+03
5.295891113281250000e+03
5.490175781250000000e+03
4.927049804687500000e+03
4.154879394531250000e+03
3.865222412109375000e+03
4.372298828125000000e+03
5.146958496093750000e+03
5.904474121093750000e+03
5.027819824218750000e+03
3.862066162109375000e+03
3.218175292968750000e+03
3.159625732421875000e+03
3.325400634765625000e+03
3.967079345703125000e+03
7.575522949218750000e+03
6.992995605468750000e+03
4.480634277343750000e+03
7.017447265625000000e+03
8.203717773437500000e+03
5.754499023437500000e+03
5.806559570312500000e+03
7.519289550781250000e+03
6.798630371093750000e+03
5.845398437500000000e+03
6.102083007812500000e+03
6.029643066406250000e+03
6.220669921875000000e+03
4.889744628906250000e+03
4.358308105468750000e+03
5.101893554687500000e+03
4.580850097656250000e+03
3.996021728515625000e+03
4.071607421875000000e+03
3.963314453125000000e+03
3.691527832031250000e+03
4.477750000000000000e+03
5.954267089843750000e+03
5.634585937500000000e+03
4.023258056640625000e+03
3.139295166015625000e+03
3.606836425781250000e+03
3.808112060546875000e+03
4.934392578125000000e+03
7.952856933593750000e+03
5.692378906250000000e+03
5.049174804687500000e+03
9.014625000000000000e+03
6.264399414062500000e+03
7.571038085937500000e+03
8.022415527343750000e+03
5.043620605468750000e+03
7.897015136718750000e+03
6.563188476562500000e+03
5.922790527343750000e+03
7.632738281250000000e+03
5.645852539062500000e+03
5.990414550781250000e+03
6.340151367187500000e+03
5.123277832031250000e+03
4.799773437500000000e+03
4.853369140625000000e+03
4.966473144531250000e+03
4.882700195312500000e+03
4.394376464843750000e+03
3.899776123046875000e+03
3.954858886718750000e+03
4.255551269531250000e+03
4.726403808593750000e+03
5.639400390625000000e+03
5.180065429687500000e+03
3.701505859375000000e+03
3.108391113281250000e+03
3.674290527343750000e+03
5.333471679687500000e+03
7.610764160156250000e+03
4.699953613281250000e+03
4.699917480468750000e+03
1.035233789062500000e+04
5.263669921875000000e+03
1.024874023437500000e+04
4.122101562500000000e+03
4.870279785156250000e+03
1.072800976562500000e+04
5.373806152343750000e+03
1.102456835937500000e+04
3.967220947265625000e+03
9.746261718750000000e+03
5.078853515625000000e+03
5.126266601562500000e+03
9.286294921875000000e+03
4.455297851562500000e+03
8.478913085937500000e+03
6.399436035156250000e+03
4.794088378906250000e+03
7.257617187500000000e+03
5.197818359375000000e+03
4.583278320312500000e+03
4.386047851562500000e+03
5.068007812500000000e+03
5.922108398437500000e+03
4.781861816406250000e+03
4.089864990234375000e+03
5.853160156250000000e+03
6.225335937500000000e+03
5.000939941406250000e+03
4.780939941406250000e+03
5.332937988281250000e+03
5.683815429687500000e+03
4.872655761718750000e+03
4.091737060546875000e+03
4.589306152343750000e+03
5.699191406250000000e+03
5.052718750000000000e+03
4.081475341796875000e+03
4.411934082031250000e+03
5.305271484375000000e+03
4.896771972656250000e+03
3.964878906250000000e+03
3.858452392578125000e+03
4.618958007812500000e+03
5.195390625000000000e+03
4.515220214843750000e+03
3.584248291015625000e+03
3.203356445312500000e+03
3.361186767578125000e+03
3.047256347656250000e+03
3.019765136718750000e+03
3.110520019531250000e+03
4.416493652343750000e+03
7.691308105468750000e+03
4.825276367187500000e+03
4.345270996093750000e+03
9.027352539062500000e+03
4.700191894531250000e+03
6.618615234375000000e+03
8.923696289062500000e+03
4.794535644531250000e+03
9.707756835937500000e+03
4.258568847656250000e+03
8.976114257812500000e+03
5.875671386718750000e+03
5.316405273437500000e+03
8.357347656250000000e+03
4.715315917968750000e+03
7.042214843750000000e+03
6.576693847656250000e+03
4.751462890625000000e+03
5.786695800781250000e+03
5.496270996093750000e+03
4.811285644531250000e+03
4.197170898437500000e+03
4.125942871093750000e+03
4.726199707031250000e+03
4.621365234375000000e+03
3.963449218750000000e+03
3.662328125000000000e+03
3.225988281250000000e+03
3.163610595703125000e+03
3.171587646484375000e+03
2.733040283203125000e+03
2.922903808593750000e+03
3.036669189453125000e+03
4.977038085937500000e+03
8.182242675781250000e+03
4.568427734375000000e+03
6.716239257812500000e+03
6.668013671875000000e+03
4.856093261718750000e+03
4.302790527343750000e+03
8.098856933593750000e+03
5.829473632812500000e+03
7.197970214843750000e+03
6.958003906250000000e+03
4.849525878906250000e+03
7.160137695312500000e+03
5.216790039062500000e+03
4.658691406250000000e+03
5.808819335937500000e+03
5.439426757812500000e+03
4.806672851562500000e+03
4.489537109375000000e+03
4.166251953125000000e+03
4.399405273437500000e+03
4.241445800781250000e+03
3.815147949218750000e+03
3.713337402343750000e+03
3.506474365234375000e+03
3.896074707031250000e+03
4.524138183593750000e+03
4.560830078125000000e+03
4.211061523437500000e+03
3.875626953125000000e+03
3.853102783203125000e+03
4.812605468750000000e+03
4.895587890625000000e+03
4.011981445312500000e+03
3.733600097656250000e+03
3.436648681640625000e+03
3.673120849609375000e+03
4.511623046875000000e+03
4.693440917968750000e+03
4.692606445312500000e+03
3.990989990234375000e+03
3.372506103515625000e+03
3.969271972656250000e+03
4.397377929687500000e+03
4.353171386718750000e+03
4.908500976562500000e+03
4.195971679687500000e+03
3.487188476562500000e+03
3.650242187500000000e+03
3.751851562500000000e+03
4.076754638671875000e+03
5.015699218750000000e+03
5.513101074218750000e+03
4.069697509765625000e+03
3.314799072265625000e+03
3.958545410156250000e+03
3.548618408203125000e+03
3.485726074218750000e+03
3.693932617187500000e+03
3.871908691406250000e+03
4.735564453125000000e+03
4.962176757812500000e+03
4.193870605468750000e+03
3.655255371093750000e+03
3.539435302734375000e+03
4.280578125000000000e+03
5.444328613281250000e+03
4.539654296875000000e+03
3.375572753906250000e+03
3.574696044921875000e+03
3.807726562500000000e+03
4.071490722656250000e+03
5.154311523437500000e+03
4.373708984375000000e+03
3.497868408203125000e+03
3.325310791015625000e+03
3.101252685546875000e+03
3.262667968750000000e+03
3.917234375000000000e+03
5.882899414062500000e+03
5.206934082031250000e+03
3.359127441406250000e+03
4.347750488281250000e+03
6.689734375000000000e+03
4.844584960937500000e+03
4.102038574218750000e+03
6.159272949218750000e+03
5.731160156250000000e+03
4.572437011718750000e+03
4.624893554687500000e+03
4.583035156250000000e+03
4.928720214843750000e+03
4.393378417968750000e+03
3.564086914062500000e+03
3.598772460937500000e+03
3.592002197265625000e+03
3.235915527343750000e+03
3.361857421875000000e+03
3.229224853515625000e+03
4.201373046875000000e+03
4.995171875000000000e+03
4.616953125000000000e+03
3.717928710937500000e+03
3.180853759765625000e+03
3.700386962890625000e+03
4.726973144531250000e+03
5.222334472656250000e+03
4.407926269531250000e+03
3.280299804687500000e+03
3.143560302734375000e+03
3.076707275390625000e+03
2.891271728515625000e+03
2.741848876953125000e+03
3.050010253906250000e+03
3.559859130859375000e+03
7.501793945312500000e+03
5.217898925781250000e+03
4.081167480468750000e+03
8.583561523437500000e+03
5.179040039062500000e+03
7.776304199218750000e+03
7.275975585937500000e+03
4.670068847656250000e+03
8.100305664062500000e+03
4.838531250000000000e+03
7.291701660156250000e+03
7.131931152343750000e+03
5.630683593750000000e+03
7.455955566406250000e+03
4.931502441406250000e+03
6.379175292968750000e+03
6.014996093750000000e+03
4.891616699218750000e+03
4.982048828125000000e+03
4.648323730468750000e+03
4.467216308593750000e+03
4.155280761718750000e+03
3.689316650390625000e+03
3.721371826171875000e+03
3.477432861328125000e+03
3.282301757812500000e+03
3.369752197265625000e+03
3.444444335937500000e+03
4.724583984375000000e+03
5.400498535156250000e+03
4.057877441406250000e+03
3.174917968750000000e+03
2.940271728515625000e+03
3.698276611328125000e+03
5.273842285156250000e+03
5.074556152343750000e+03
3.655332519531250000e+03
2.890264648437500000e+03
3.494636474609375000e+03
7.078487304687500000e+03
4.925213867187500000e+03
4.475035644531250000e+03
8.422775390625000000e+03
4.196098632812500000e+03
6.683573730468750000e+03
6.992196777343750000e+03
4.165314941406250000e+03
6.458675292968750000e+03
5.309598632812500000e+03
4.071581542968750000e+03
3.172040039062500000e+03
4.690705566406250000e+03
6.735867675781250000e+03
4.552955566406250000e+03
4.626666992187500000e+03
6.654014648437500000e+03
5.155701171875000000e+03
4.836542480468750000e+03
6.026626464843750000e+03
5.578029296875000000e+03
4.980570800781250000e+03
4.743258300781250000e+03
4.547617187500000000e+03
4.532312500000000000e+03
4.062379882812500000e+03
3.833206787109375000e+03
3.639649658203125000e+03
3.499366943359375000e+03
3.254550292968750000e+03
3.002804931640625000e+03
3.036689453125000000e+03
2.834749267578125000e+03
2.642442138671875000e+03
3.046435791015625000e+03
4.453021972656250000e+03
6.509944824218750000e+03
4.400315429687500000e+03
3.538693603515625000e+03
7.360746582031250000e+03
5.497023925781250000e+03
6.205634765625000000e+03
7.761446777343750000e+03
4.903219238281250000e+03
7.751065429687500000e+03
5.023217773437500000e+03
6.757416503906250000e+03
6.299742675781250000e+03
5.072334960937500000e+03
5.642909667968750000e+03
4.731041992187500000e+03
4.513127929687500000e+03
4.267691406250000000e+03
3.947782470703125000e+03
3.983700927734375000e+03
3.803016601562500000e+03
3.606552490234375000e+03
3.517676513671875000e+03
3.304211181640625000e+03
3.622310302734375000e+03
4.486173828125000000e+03
5.025917480468750000e+03
3.959156005859375000e+03
3.018807128906250000e+03
2.920824462890625000e+03
3.536416015625000000e+03
5.045615722656250000e+03
5.163703613281250000e+03
3.451263671875000000e+03
3.186312500000000000e+03
5.223960449218750000e+03
5.968659179687500000e+03
3.967798339843750000e+03
4.189577148437500000e+03
5.812493164062500000e+03
5.138525878906250000e+03
3.995184082031250000e+03
4.911392578125000000e+03
5.539636718750000000e+03
4.768375488281250000e+03
3.988534912109375000e+03
4.295814453125000000e+03
5.374570800781250000e+03
4.867265136718750000e+03
4.090463378906250000e+03
3.978893798828125000e+03
4.976735351562500000e+03
4.923673339843750000e+03
3.978731201171875000e+03
3.889266845703125000e+03
4.393721191406250000e+03
4.266491210937500000e+03
3.897916748046875000e+03
3.468993652343750000e+03
3.251960937500000000e+03
3.302134521484375000e+03
3.154558593750000000e+03
2.950851318359375000e+03
2.981984375000000000e+03
3.322843017578125000e+03
4.585645996093750000e+03
5.067248046875000000e+03
3.806050781250000000e+03
2.896714843750000000e+03
2.947013427734375000e+03
3.644551513671875000e+03
4.977618652343750000e+03
4.843084472656250000e+03
3.369135253906250000e+03
2.840344482421875000e+03
4.815985351562500000e+03
6.531711425781250000e+03
4.118383789062500000e+03
4.823955566406250000e+03
6.753120605468750000e+03
4.775334472656250000e+03
4.779395507812500000e+03
6.280147949218750000e+03
4.876993652343750000e+03
4.564619628906250000e+03
5.718083007812500000e+03
4.808917968750000000e+03
4.260063964843750000e+03
4.410635742187500000e+03
4.386198730468750000e+03
4.004279785156250000e+03
3.584410888671875000e+03
3.372397949218750000e+03
3.247868408203125000e+03
3.204726562500000000e+03
3.174244628906250000e+03
3.573141845703125000e+03
4.094258056640625000e+03
4.911906738281250000e+03
4.399194335937500000e+03
3.102150146484375000e+03
2.727045410156250000e+03
2.795152099609375000e+03
2.801109375000000000e+03
4.526694335937500000e+03
6.360689941406250000e+03
3.668723876953125000e+03
3.697495361328125000e+03
8.129135742187500000e+03
4.804165527343750000e+03
6.758410644531250000e+03
5.387417968750000000e+03
3.744912109375000000e+03
4.283606445312500000e+03
6.895564941406250000e+03
4.918222656250000000e+03
4.751272460937500000e+03
6.035725585937500000e+03
4.516098144531250000e+03
4.334956054687500000e+03
4.617512695312500000e+03
4.603871093750000000e+03
4.295460449218750000e+03
3.592281005859375000e+03
3.445538330078125000e+03
3.430767822265625000e+03
3.546275878906250000e+03
3.875106689453125000e+03
4.063512939453125000e+03
4.087249023437500000e+03
3.760126464843750000e+03
3.356922851562500000e+03
3.677954589843750000e+03
4.185063964843750000e+03
4.631603027343750000e+03
4.021901611328125000e+03
2.996555419921875000e+03
2.849892333984375000e+03
2.786208740234375000e+03
2.618254150390625000e+03
2.587894531250000000e+03
2.354372314453125000e+03
2.568651367187500000e+03
3.018674804687500000e+03
5.975725097656250000e+03
5.552588378906250000e+03
3.502590576171875000e+03
5.220463378906250000e+03
6.487702148437500000e+03
5.058234863281250000e+03
4.759597167968750000e+03
4.969008789062500000e+03
5.128207519531250000e+03
4.064920654296875000e+03
3.552262695312500000e+03
4.052041259765625000e+03
3.568520751953125000e+03
3.269385498046875000e+03
3.284521972656250000e+03
3.136903808593750000e+03
3.433303710937500000e+03
4.511166503906250000e+03
4.869563964843750000e+03
3.726289794921875000e+03
2.968246093750000000e+03
2.872072509765625000e+03
3.454841552734375000e+03
4.546440917968750000e+03
4.833080078125000000e+03
3.703961425781250000e+03
2.962859619140625000e+03
2.732960693359375000e+03
2.607356201171875000e+03
2.713694335937500000e+03
3.370832031250000000e+03
5.760196777343750000e+03
5.223195800781250000e+03
3.526950195312500000e+03
4.264314453125000000e+03
6.818833007812500000e+03
5.243237792968750000e+03
5.482987304687500000e+03
5.534014160156250000e+03
4.865774414062500000e+03
4.401126953125000000e+03
4.191699218750000000e+03
4.407772949218750000e+03
3.981953857421875000e+03
3.767161865234375000e+03
3.667781982421875000e+03
3.230537353515625000e+03
3.557244873046875000e+03
3.436788085937500000e+03
3.299903564453125000e+03
3.296166992187500000e+03
3.515559326171875000e+03
4.574068847656250000e+03
4.474461914062500000e+03
3.324573242187500000e+03
2.910599365234375000e+03
2.858512939453125000e+03
2.976181640625000000e+03
2.452938476562500000e+03
2.806985595703125000e+03
3.143701171875000000e+03
4.911914062500000000e+03
5.927597656250000000e+03
3.603799560546875000e+03
4.669378906250000000e+03
6.521871582031250000e+03
5.252616210937500000e+03
4.519020019531250000e+03
5.201670898437500000e+03
5.474759765625000000e+03
4.789250000000000000e+03
4.214860351562500000e+03
4.637996582031250000e+03
4.449642578125000000e+03
3.789106445312500000e+03
3.768191650390625000e+03
3.461312988281250000e+03
3.377853027343750000e+03
3.232174316406250000e+03
2.845394531250000000e+03
2.955851074218750000e+03
2.495313720703125000e+03
2.871473388671875000e+03
2.700612304687500000e+03
3.957382080078125000e+03
6.281389160156250000e+03
4.064098876953125000e+03
3.586768066406250000e+03
7.225056152343750000e+03
5.052266113281250000e+03
6.110594238281250000e+03
6.822865722656250000e+03
4.440250000000000000e+03
6.576460449218750000e+03
4.400358886718750000e+03
3.953903808593750000e+03
4.885866210937500000e+03
4.830897460937500000e+03
4.326954589843750000e+03
3.719303466796875000e+03
3.399742675781250000e+03
3.986459472656250000e+03
3.912205810546875000e+03
3.338405761718750000e+03
3.241604248046875000e+03
3.222590576171875000e+03
3.129962402343750000e+03
3.777711914062500000e+03
4.717002929687500000e+03
4.194202636718750000e+03
3.290561035156250000e+03
2.656089599609375000e+03
2.794242431640625000e+03
2.727227294921875000e+03
2.657496093750000000e+03
2.962799560546875000e+03
5.201265625000000000e+03
5.772904785156250000e+03
3.776844238281250000e+03
4.931629394531250000e+03
6.814783203125000000e+03
5.064372558593750000e+03
5.437141601562500000e+03
4.814109375000000000e+03
4.731939453125000000e+03
4.131374023437500000e+03
3.554258544921875000e+03
3.815979003906250000e+03
4.373364257812500000e+03
4.012684570312500000e+03
3.346373779296875000e+03
3.263476074218750000e+03
3.150884033203125000e+03
3.063369628906250000e+03
3.323554199218750000e+03
4.374523437500000000e+03
4.942310546875000000e+03
3.600528076171875000e+03
2.795622070312500000e+03
3.726762695312500000e+03
4.763217285156250000e+03
3.863820556640625000e+03
2.955417480468750000e+03
2.746868652343750000e+03
3.143929443359375000e+03
4.738239257812500000e+03
4.916412109375000000e+03
3.311534912109375000e+03
2.703850341796875000e+03
4.543561523437500000e+03
6.046211914062500000e+03
4.078028076171875000e+03
3.978087646484375000e+03
6.497532714843750000e+03
4.691675292968750000e+03
4.772490234375000000e+03
6.715699218750000000e+03
4.102091796875000000e+03
5.187124023437500000e+03
6.073061523437500000e+03
4.544478515625000000e+03
4.784464355468750000e+03
4.599200683593750000e+03
4.209687011718750000e+03
3.929505615234375000e+03
3.437596679687500000e+03
3.305302490234375000e+03
3.651732421875000000e+03
3.718629882812500000e+03
3.399522216796875000e+03
3.293168701171875000e+03
3.542024902343750000e+03
4.142537109375000000e+03
4.497790039062500000e+03
3.475845214843750000e+03
2.533054199218750000e+03
2.506323486328125000e+03
2.622607910156250000e+03
3.210658691406250000e+03
4.975476074218750000e+03
5.183688964843750000e+03
3.350729736328125000e+03
3.117342773437500000e+03
7.278391113281250000e+03
5.057324707031250000e+03
6.547966796875000000e+03
5.732553222656250000e+03
3.855241455078125000e+03
5.484041992187500000e+03
4.644895996093750000e+03
3.923716552734375000e+03
3.600070800781250000e+03
4.049988037109375000e+03
4.573002441406250000e+03
3.981051513671875000e+03
3.379043457031250000e+03
3.587120361328125000e+03
4.233515625000000000e+03
4.485810058593750000e+03
3.785901123046875000e+03
3.066179931640625000e+03
3.742529052734375000e+03
5.102718750000000000e+03
4.108766113281250000e+03
3.371568115234375000e+03
4.474521484375000000e+03
5.435870605468750000e+03
4.258160156250000000e+03
4.114845703125000000e+03
4.728651855468750000e+03
4.901343261718750000e+03
4.174933105468750000e+03
3.775813720703125000e+03
4.126350585937500000e+03
4.412910644531250000e+03
3.894352783203125000e+03
3.358210937500000000e+03
3.379992919921875000e+03
3.689795166015625000e+03
3.752910400390625000e+03
3.603871826171875000e+03
3.319849365234375000e+03
3.633051269531250000e+03
3.647531494140625000e+03
3.289317138671875000e+03
3.410225585937500000e+03
3.503857421875000000e+03
3.657876708984375000e+03
3.638625732421875000e+03
3.632409179687500000e+03
3.791855224609375000e+03
3.657839843750000000e+03
3.741059326171875000e+03
3.903046875000000000e+03
3.750526367187500000e+03
3.602581542968750000e+03
3.431078369140625000e+03
3.620253173828125000e+03
3.522135742187500000e+03
3.655592529296875000e+03
3.543773681640625000e+03
3.313652587890625000e+03
3.915292724609375000e+03
3.712725341796875000e+03
3.688587402343750000e+03
4.016727294921875000e+03
3.448489501953125000e+03
3.574054199218750000e+03
4.197755859375000000e+03
3.898738525390625000e+03
3.451592041015625000e+03
3.272790527343750000e+03
3.703590576171875000e+03
4.067285888671875000e+03
4.008650878906250000e+03
3.838868408203125000e+03
3.648457275390625000e+03
3.447248046875000000e+03
3.973288330078125000e+03
3.976283447265625000e+03
3.680521972656250000e+03
3.903811767578125000e+03
3.715561279296875000e+03
3.574044921875000000e+03
3.819719238281250000e+03
3.664871826171875000e+03
3.476837158203125000e+03
3.324774414062500000e+03
3.382070800781250000e+03
3.083192871093750000e+03
3.413925781250000000e+03
3.422995849609375000e+03
3.973243408203125000e+03
4.493073730468750000e+03
3.561504150390625000e+03
3.213291259765625000e+03
3.367044189453125000e+03
3.582809814453125000e+03
4.499757324218750000e+03
4.485792480468750000e+03
3.614913574218750000e+03
2.975954101562500000e+03
3.057131835937500000e+03
3.431789794921875000e+03
3.364458740234375000e+03
4.822281250000000000e+03
5.085933593750000000e+03
3.370115234375000000e+03
3.913487792968750000e+03
4.854995605468750000e+03
4.051840087890625000e+03
3.353572021484375000e+03
3.495184814453125000e+03
3.113949951171875000e+03
3.103503173828125000e+03
3.328782958984375000e+03
3.401902587890625000e+03
4.324549804687500000e+03
4.291893066406250000e+03
3.218685546875000000e+03
2.928222656250000000e+03
2.804564697265625000e+03
3.691925537109375000e+03
5.434426269531250000e+03
3.851624755859375000e+03
2.811714355468750000e+03
4.848441894531250000e+03
5.583642578125000000e+03
3.845812255859375000e+03
3.759433593750000000e+03
5.718212402343750000e+03
5.113267578125000000e+03
4.564289062500000000e+03
5.638451660156250000e+03
4.768651367187500000e+03
4.684379394531250000e+03
4.172091796875000000e+03
3.949239013671875000e+03
4.046617431640625000e+03
3.689592285156250000e+03
3.112916259765625000e+03
3.248051513671875000e+03
3.180430175781250000e+03
2.802645019531250000e+03
2.778439453125000000e+03
2.823997802734375000e+03
2.840084472656250000e+03
3.863465820312500000e+03
5.347359375000000000e+03
3.794717529296875000e+03
2.812820800781250000e+03
4.924719238281250000e+03
5.962094238281250000e+03
4.290165527343750000e+03
4.418062011718750000e+03
4.756830566406250000e+03
4.715628906250000000e+03
3.831788574218750000e+03
3.476867919921875000e+03
4.146766113281250000e+03
4.361166992187500000e+03
3.856110107421875000e+03
3.432516357421875000e+03
3.216325439453125000e+03
3.502875244140625000e+03
3.494898925781250000e+03
3.191510253906250000e+03
3.331182617187500000e+03
3.469995117187500000e+03
3.786399169921875000e+03
4.253929199218750000e+03
3.590999755859375000e+03
2.745207275390625000e+03
2.769885253906250000e+03
3.372115478515625000e+03
4.512638183593750000e+03
4.699893554687500000e+03
3.308805908203125000e+03
2.412011718750000000e+03
4.111370605468750000e+03
6.382203125000000000e+03
4.148317871093750000e+03
4.874458984375000000e+03
5.814987792968750000e+03
4.465363281250000000e+03
4.227283691406250000e+03
5.439914550781250000e+03
4.981389648437500000e+03
4.437381347656250000e+03
4.129000976562500000e+03
4.043321533203125000e+03
4.303800292968750000e+03
3.762009277343750000e+03
3.268926025390625000e+03
3.171210205078125000e+03
3.105550292968750000e+03
3.031823730468750000e+03
2.827996826171875000e+03
3.052849121093750000e+03
3.553722900390625000e+03
4.464019042968750000e+03
4.270521484375000000e+03
2.984833984375000000e+03
2.525191650390625000e+03
2.763557617187500000e+03
3.663374511718750000e+03
4.722848144531250000e+03
3.808916992187500000e+03
2.722396728515625000e+03
2.416771972656250000e+03
2.560023681640625000e+03
3.237128173828125000e+03
5.054389648437500000e+03
4.424871093750000000e+03
2.860375976562500000e+03
2.895572021484375000e+03
6.143321777343750000e+03
4.766602050781250000e+03
4.101168945312500000e+03
6.112836425781250000e+03
3.925234863281250000e+03
3.872471679687500000e+03
5.537159667968750000e+03
4.028941894531250000e+03
3.747571044921875000e+03
4.213261230468750000e+03
4.275272949218750000e+03
4.001194091796875000e+03
3.359255126953125000e+03
2.920109619140625000e+03
3.269102050781250000e+03
4.021430908203125000e+03
3.799688964843750000e+03
3.073960937500000000e+03
2.799258544921875000e+03
2.639460693359375000e+03
2.913718505859375000e+03
4.150187988281250000e+03
4.849592773437500000e+03
3.378909423828125000e+03
2.416047119140625000e+03
4.281649902343750000e+03
6.890945800781250000e+03
4.272323730468750000e+03
5.771547851562500000e+03
3.784782958984375000e+03
3.029492431640625000e+03
2.741991699218750000e+03
3.081043945312500000e+03
4.519833496093750000e+03
4.558500000000000000e+03
3.108197998046875000e+03
3.094534667968750000e+03
5.615374023437500000e+03
4.801058593750000000e+03
4.047543701171875000e+03
5.637535156250000000e+03
4.211480957031250000e+03
3.875892578125000000e+03
4.346087890625000000e+03
4.259823730468750000e+03
4.055542236328125000e+03
3.340816162109375000e+03
3.059625244140625000e+03
3.926578369140625000e+03
4.215836914062500000e+03
3.461884033203125000e+03
3.012961181640625000e+03
2.990139892578125000e+03
4.282324707031250000e+03
4.730357910156250000e+03
3.509107177734375000e+03
3.569325927734375000e+03
5.457100097656250000e+03
4.822858398437500000e+03
4.289294433593750000e+03
5.036713378906250000e+03
4.366882812500000000e+03
3.909659912109375000e+03
3.508575927734375000e+03
3.297594726562500000e+03
3.545127441406250000e+03
3.393495605468750000e+03
2.981287353515625000e+03
2.747842529296875000e+03
2.691972167968750000e+03
2.619158447265625000e+03
2.519575439453125000e+03
2.905381103515625000e+03
4.800182617187500000e+03
4.455455566406250000e+03
2.885266357421875000e+03
3.155248779296875000e+03
5.180798828125000000e+03
4.584627929687500000e+03
3.482378662109375000e+03
4.631583496093750000e+03
5.036104003906250000e+03
4.099721191406250000e+03
3.753966552734375000e+03
3.740243652343750000e+03
4.143966796875000000e+03
3.850224365234375000e+03
3.330093261718750000e+03
2.970238769531250000e+03
3.260853515625000000e+03
3.386410156250000000e+03
2.930761474609375000e+03
3.587353515625000000e+03
4.018299072265625000e+03
3.098727539062500000e+03
2.950712158203125000e+03
3.201375488281250000e+03
4.004054199218750000e+03
4.356141601562500000e+03
3.200287841796875000e+03
2.498271972656250000e+03
2.337811523437500000e+03
2.532996826171875000e+03
3.761261962890625000e+03
5.769545898437500000e+03
3.568135009765625000e+03
3.094058349609375000e+03
7.537677246093750000e+03
4.004704345703125000e+03
6.698161132812500000e+03
4.737414550781250000e+03
3.155362060546875000e+03
4.697364257812500000e+03
4.921227539062500000e+03
3.720887451171875000e+03
2.924681884765625000e+03
4.012300537109375000e+03
5.537061035156250000e+03
4.007407714843750000e+03
3.941223388671875000e+03
5.038408203125000000e+03
4.273503906250000000e+03
3.588867675781250000e+03
3.666941406250000000e+03
4.059281982421875000e+03
4.067565917968750000e+03
3.479270751953125000e+03
3.015815429687500000e+03
3.085706542968750000e+03
3.856028564453125000e+03
3.616098388671875000e+03
2.917950439453125000e+03
2.748447753906250000e+03
2.827307617187500000e+03
2.671484130859375000e+03
3.232410888671875000e+03
4.804810058593750000e+03
3.723401123046875000e+03
2.672404052734375000e+03
3.630893066406250000e+03
5.286743164062500000e+03
4.002061523437500000e+03
3.556302246093750000e+03
4.846469726562500000e+03
4.460988769531250000e+03
3.600532470703125000e+03
3.346024414062500000e+03
3.651430908203125000e+03
4.510997558593750000e+03
3.993125732421875000e+03
3.388655273437500000e+03
3.940676513671875000e+03
4.885442382812500000e+03
4.209215332031250000e+03
3.772170898437500000e+03
3.947064453125000000e+03
4.416525878906250000e+03
3.904682617187500000e+03
3.396659179687500000e+03
3.383173095703125000e+03
3.823638427734375000e+03
3.951845214843750000e+03
3.402800048828125000e+03
2.784556396484375000e+03
3.305266845703125000e+03
3.879365966796875000e+03
3.342831787109375000e+03
2.847179199218750000e+03
2.640376708984375000e+03
2.594551269531250000e+03
2.589100097656250000e+03
2.515364990234375000e+03
3.643168212890625000e+03
4.681921875000000000e+03
3.662619384765625000e+03
2.686127929687500000e+03
3.620465820312500000e+03
6.040986816406250000e+03
4.272146484375000000e+03
4.709286132812500000e+03
4.759963378906250000e+03
3.926500244140625000e+03
3.273238769531250000e+03
3.303388427734375000e+03
4.070872070312500000e+03
4.054455322265625000e+03
3.280616943359375000e+03
3.018908935546875000e+03
3.131032470703125000e+03
3.542177001953125000e+03
3.752958251953125000e+03
3.352378417968750000e+03
2.738545166015625000e+03
2.565710693359375000e+03
2.567810058593750000e+03
2.463034912109375000e+03
2.922924072265625000e+03
4.635854003906250000e+03
4.270521484375000000e+03
2.735790771484375000e+03
2.829729736328125000e+03
5.474432128906250000e+03
4.578070800781250000e+03
3.578940917968750000e+03
5.272657226562500000e+03
4.154117675781250000e+03
3.706204589843750000e+03
3.731909667968750000e+03
3.818000976562500000e+03
3.791635498046875000e+03
3.361743408203125000e+03
2.928458740234375000e+03
2.697315673828125000e+03
2.599930419921875000e+03
2.592839111328125000e+03
2.675355468750000000e+03
3.712168701171875000e+03
4.758846191406250000e+03
3.511453369140625000e+03
2.568144042968750000e+03
4.163679199218750000e+03
5.612295410156250000e+03
3.962056640625000000e+03
4.072800537109375000e+03
4.719930664062500000e+03
4.168596191406250000e+03
3.304971679687500000e+03
3.776959228515625000e+03
4.341837402343750000e+03
3.773755859375000000e+03
3.278136474609375000e+03
3.086006347656250000e+03
3.145058593750000000e+03
3.224674072265625000e+03
3.034426025390625000e+03
3.186993164062500000e+03
3.101930908203125000e+03
3.234691650390625000e+03
3.859184570312500000e+03
3.503154541015625000e+03
2.989490722656250000e+03
2.893174560546875000e+03
3.217841308593750000e+03
4.211001953125000000e+03
3.696604736328125000e+03
2.632717529296875000e+03
2.634197265625000000e+03
2.637120849609375000e+03
2.924275146484375000e+03
3.669147705078125000e+03
4.278015625000000000e+03
3.514073242187500000e+03
2.791074707031250000e+03
2.377543945312500000e+03
2.635266845703125000e+03
2.770787841796875000e+03
2.941050048828125000e+03
4.298776855468750000e+03
4.482129394531250000e+03
2.933821289062500000e+03
2.774428955078125000e+03
5.204773437500000000e+03
4.840797851562500000e+03
3.816523681640625000e+03
5.000992187500000000e+03
3.963956787109375000e+03
3.675011230468750000e+03
3.674042236328125000e+03
3.644056884765625000e+03
3.579942626953125000e+03
3.268823974609375000e+03
2.821266357421875000e+03
2.537716308593750000e+03
2.728710693359375000e+03
2.542752685546875000e+03
2.219947998046875000e+03
2.345449707031250000e+03
2.466457763671875000e+03
3.672767333984375000e+03
5.245711425781250000e+03
3.390150634765625000e+03
2.703285888671875000e+03
5.744730468750000000e+03
4.558440917968750000e+03
3.687899414062500000e+03
4.794875488281250000e+03
3.821690429687500000e+03
3.550260986328125000e+03
3.388685058593750000e+03
3.393402587890625000e+03
3.546273193359375000e+03
3.401874755859375000e+03
2.900395996093750000e+03
2.679436035156250000e+03
2.602183105468750000e+03
2.460733886718750000e+03
2.372346679687500000e+03
2.609564697265625000e+03
4.146239746093750000e+03
4.884953125000000000e+03
3.007790283203125000e+03
3.069178955078125000e+03
6.385226074218750000e+03
4.277484375000000000e+03
4.994688476562500000e+03
5.543257324218750000e+03
3.428131591796875000e+03
4.868975097656250000e+03
5.236587890625000000e+03
3.702133789062500000e+03
3.845726318359375000e+03
5.008664062500000000e+03
4.485714355468750000e+03
4.004603759765625000e+03
4.281597656250000000e+03
4.060741455078125000e+03
3.900729003906250000e+03
3.212959472656250000e+03
2.956821533203125000e+03
3.274044433593750000e+03
3.153779296875000000e+03
3.086729492187500000e+03
3.061780029296875000e+03
3.105990234375000000e+03
3.243608398437500000e+03
3.325255371093750000e+03
3.534111328125000000e+03
3.466507568359375000e+03
3.228837646484375000e+03
3.110440185546875000e+03
3.230308349609375000e+03
3.446610839843750000e+03
3.747078125000000000e+03
3.508002929687500000e+03
2.943531494140625000e+03
2.645535400390625000e+03
3.074241210937500000e+03
3.377053955078125000e+03
3.673922363281250000e+03
3.854639404296875000e+03
3.217494140625000000e+03
2.693643310546875000e+03
2.850355957031250000e+03
3.200097167968750000e+03
3.670560791015625000e+03
3.793257568359375000e+03
3.345266845703125000e+03
2.953336669921875000e+03
2.672052001953125000e+03
3.094168945312500000e+03
3.300880126953125000e+03
3.203895751953125000e+03
3.612533447265625000e+03
3.441886230468750000e+03
2.840154296875000000e+03
2.976764160156250000e+03
3.297743408203125000e+03
3.041554931640625000e+03
3.481914306640625000e+03
3.539329101562500000e+03
2.942247314453125000e+03
3.069330322265625000e+03
3.173772949218750000e+03
3.356293945312500000e+03
3.610766113281250000e+03
3.051192138671875000e+03
3.058377441406250000e+03
2.926562011718750000e+03
3.294080566406250000e+03
4.208885253906250000e+03
3.316190673828125000e+03
2.585419921875000000e+03
2.772508544921875000e+03
2.513080078125000000e+03
2.283300048828125000e+03
2.421582031250000000e+03
2.192134033203125000e+03
2.243410400390625000e+03
2.765243408203125000e+03
4.035630615234375000e+03
4.953082519531250000e+03
3.210954589843750000e+03
2.709539550781250000e+03
5.763090820312500000e+03
4.742362792968750000e+03
4.644720214843750000e+03
6.467321289062500000e+03
3.937907958984375000e+03
6.665318359375000000e+03
3.925209960937500000e+03
4.558653320312500000e+03
5.545419921875000000e+03
3.952215820312500000e+03
4.530429687500000000e+03
4.455844726562500000e+03
3.856461914062500000e+03
3.543498779296875000e+03
3.843513671875000000e+03
3.976797363281250000e+03
3.265702636718750000e+03
2.905134033203125000e+03
3.334593750000000000e+03
3.376705322265625000e+03
2.950887207031250000e+03
2.767634765625000000e+03
2.710113037109375000e+03
2.771142089843750000e+03
3.022615478515625000e+03
4.127774902343750000e+03
4.007348388671875000e+03
2.677070068359375000e+03
2.553936035156250000e+03
3.852141601562500000e+03
4.325863281250000000e+03
3.037830078125000000e+03
2.672511474609375000e+03
3.750859130859375000e+03
4.920048339843750000e+03
3.567676757812500000e+03
3.396474365234375000e+03
4.874453125000000000e+03
4.322178710937500000e+03
3.654377197265625000e+03
3.790315673828125000e+03
3.925348388671875000e+03
3.708710937500000000e+03
3.203067626953125000e+03
2.803258544921875000e+03
2.760445068359375000e+03
2.765318603515625000e+03
2.602541259765625000e+03
2.622545654296875000e+03
3.041760253906250000e+03
3.871515380859375000e+03
3.900360107421875000e+03
2.878949218750000000e+03
2.242404052734375000e+03
2.149522216796875000e+03
2.478731445312500000e+03
4.564591796875000000e+03
4.607187500000000000e+03
2.751895751953125000e+03
3.928403076171875000e+03
5.711027832031250000e+03
3.763992919921875000e+03
3.581129150390625000e+03
5.491037597656250000e+03
4.431487304687500000e+03
4.479333984375000000e+03
5.082627441406250000e+03
4.025698974609375000e+03
4.210310058593750000e+03
4.157258789062500000e+03
3.732085449218750000e+03
3.758852294921875000e+03
3.224480957031250000e+03
3.139386230468750000e+03
3.184859619140625000e+03
2.755387695312500000e+03
2.680067626953125000e+03
2.516242919921875000e+03
2.422599365234375000e+03
2.360569335937500000e+03
2.290342529296875000e+03
2.373956787109375000e+03
3.280001953125000000e+03
4.899557128906250000e+03
3.529940429687500000e+03
2.395363769531250000e+03
4.818633300781250000e+03
5.103134277343750000e+03
3.684833007812500000e+03
4.037671142578125000e+03
4.035801757812500000e+03
3.999321289062500000e+03
3.184658447265625000e+03
2.762016113281250000e+03
3.073877685546875000e+03
2.808845214843750000e+03
2.612189453125000000e+03
2.576774658203125000e+03
2.398833496093750000e+03
2.768239746093750000e+03
3.831415771484375000e+03
4.196555664062500000e+03
2.984907226562500000e+03
2.176897460937500000e+03
3.065752441406250000e+03
5.442197753906250000e+03
3.579852783203125000e+03
3.407147460937500000e+03
5.932584472656250000e+03
3.848926025390625000e+03
4.241937988281250000e+03
5.741704589843750000e+03
3.670284667968750000e+03
4.720536132812500000e+03
4.439929199218750000e+03
3.381924072265625000e+03
3.381725097656250000e+03
3.923792236328125000e+03
4.000875000000000000e+03
3.315936767578125000e+03
2.944072753906250000e+03
3.452915039062500000e+03
4.224413574218750000e+03
3.527853759765625000e+03
2.967129150390625000e+03
3.273806396484375000e+03
4.242770996093750000e+03
3.604817138671875000e+03
3.001485351562500000e+03
3.571264404296875000e+03
4.361144042968750000e+03
3.601289550781250000e+03
3.256066406250000000e+03
3.337787109375000000e+03
3.932473876953125000e+03
3.898610595703125000e+03
3.315432373046875000e+03
2.903367919921875000e+03
3.516320556640625000e+03
4.139204101562500000e+03
3.412833496093750000e+03
2.934744628906250000e+03
3.199975585937500000e+03
3.727272949218750000e+03
3.451648925781250000e+03
2.859445312500000000e+03
2.561631591796875000e+03
2.691038085937500000e+03
2.850697265625000000e+03
