1.448102968750000000e+05
3.159029687500000000e+05
2.485167187500000000e+05
7.603938281250000000e+04
1.490647500000000000e+05
1.932080937500000000e+05
1.439900156250000000e+05
5.358412109375000000e+04
8.630578125000000000e+04
1.260990625000000000e+05
1.072502421875000000e+05
5.390378515625000000e+04
4.583368750000000000e+04
8.005803125000000000e+04
7.936315625000000000e+04
4.810269921875000000e+04
3.050573632812500000e+04
5.306073828125000000e+04
5.886462890625000000e+04
4.010144140625000000e+04
2.476869921875000000e+04
4.021978125000000000e+04
4.518553515625000000e+04
2.987593554687500000e+04
2.130987500000000000e+04
3.408065625000000000e+04
3.277077343750000000e+04
1.901171093750000000e+04
2.338441015625000000e+04
2.949718554687500000e+04
2.008976171875000000e+04
1.719716796875000000e+04
2.437519531250000000e+04
1.797833203125000000e+04
1.501377734375000000e+04
2.059267578125000000e+04
1.440497753906250000e+04
1.479933691406250000e+04
1.740714648437500000e+04
1.135074316406250000e+04
1.513278808593750000e+04
1.305471093750000000e+04
1.135178808593750000e+04
1.356594433593750000e+04
9.382521484375000000e+03
1.247272460937500000e+04
8.889923828125000000e+03
1.148337011718750000e+04
8.840731445312500000e+03
1.077868945312500000e+04
8.482677734375000000e+03
1.051354003906250000e+04
7.865718750000000000e+03
1.056168652343750000e+04
7.183254394531250000e+03
1.065296289062500000e+04
6.602631347656250000e+03
1.023376562500000000e+04
6.298923339843750000e+03
8.550996093750000000e+03
7.347036621093750000e+03
6.073109375000000000e+03
8.199255859375000000e+03
5.972617675781250000e+03
5.944417968750000000e+03
7.599091796875000000e+03
5.833619140625000000e+03
5.100939941406250000e+03
6.276008789062500000e+03
6.636602050781250000e+03
5.304308105468750000e+03
4.577796386718750000e+03
4.972079101562500000e+03
6.249891113281250000e+03
6.847260742187500000e+03
5.690187988281250000e+03
4.657990234375000000e+03
4.315585449218750000e+03
4.368508789062500000e+03
5.112213867187500000e+03
7.330291015625000000e+03
7.357408691406250000e+03
5.129776367187500000e+03
4.257399902343750000e+03
4.482213378906250000e+03
6.418141113281250000e+03
8.451451171875000000e+03
5.483632324218750000e+03
4.133660156250000000e+03
3.917022705078125000e+03
4.775403808593750000e+03
8.513616210937500000e+03
7.049412597656250000e+03
4.650368164062500000e+03
3.849665039062500000e+03
4.109942382812500000e+03
6.784305175781250000e+03
9.458258789062500000e+03
4.842711425781250000e+03
4.555877441406250000e+03
1.081116503906250000e+04
5.291456054687500000e+03
5.052841308593750000e+03
1.235918359375000000e+04
5.221371093750000000e+03
1.195089550781250000e+04
5.882469238281250000e+03
5.218726074218750000e+03
1.047932617187500000e+04
5.606733886718750000e+03
6.130709472656250000e+03
1.164629687500000000e+04
5.008162109375000000e+03
1.141000781250000000e+04
5.930255371093750000e+03
5.336054687500000000e+03
1.108675488281250000e+04
5.229801269531250000e+03
9.070345703125000000e+03
9.453287109375000000e+03
5.259812011718750000e+03
9.661159179687500000e+03
6.461679199218750000e+03
4.510013671875000000e+03
5.289862304687500000e+03
8.860100585937500000e+03
6.109661621093750000e+03
5.505395507812500000e+03
1.048197167968750000e+04
6.346773925781250000e+03
9.228791015625000000e+03
7.630482421875000000e+03
5.836925781250000000e+03
7.162311035156250000e+03
7.522309570312500000e+03
6.014215820312500000e+03
5.623420898437500000e+03
7.598035156250000000e+03
6.515856445312500000e+03
5.745770507812500000e+03
6.785711425781250000e+03
5.826039062500000000e+03
5.325641601562500000e+03
5.826381347656250000e+03
5.437642089843750000e+03
4.928111328125000000e+03
4.606031738281250000e+03
4.715759277343750000e+03
5.045595703125000000e+03
5.295441406250000000e+03
5.566521484375000000e+03
5.251077148437500000e+03
4.826075683593750000e+03
4.732304199218750000e+03
4.467602050781250000e+03
5.269506835937500000e+03
5.916683105468750000e+03
5.832140136718750000e+03
5.653218750000000000e+03
4.842361816406250000e+03
4.887397460937500000e+03
5.352169433593750000e+03
5.140523437500000000e+03
5.721365234375000000e+03
5.979903320312500000e+03
5.483262695312500000e+03
5.153011230468750000e+03
5.128508300781250000e+03
5.220874511718750000e+03
5.355974121093750000e+03
5.503922363281250000e+03
5.505782714843750000e+03
5.355870117187500000e+03
5.123520019531250000e+03
5.343418945312500000e+03
5.072360351562500000e+03
5.453851562500000000e+03
6.120645996093750000e+03
5.332896972656250000e+03
5.481739257812500000e+03
5.186576171875000000e+03
5.114267578125000000e+03
5.588473144531250000e+03
5.131058105468750000e+03
5.579665527343750000e+03
5.106628906250000000e+03
5.159758789062500000e+03
5.268480468750000000e+03
4.991169921875000000e+03
5.822915527343750000e+03
5.091684082031250000e+03
4.963263183593750000e+03
5.453524414062500000e+03
5.320851562500000000e+03
6.079334960937500000e+03
6.161561035156250000e+03
5.694328613281250000e+03
5.154630371093750000e+03
5.792954101562500000e+03
6.450615722656250000e+03
5.654367187500000000e+03
5.895217773437500000e+03
5.664281250000000000e+03
4.932229980468750000e+03
5.883565429687500000e+03
5.991219238281250000e+03
6.117001464843750000e+03
5.673978027343750000e+03
5.493559082031250000e+03
6.390297363281250000e+03
5.835671386718750000e+03
5.580965820312500000e+03
5.954832519531250000e+03
5.100142578125000000e+03
6.146780273437500000e+03
6.821144531250000000e+03
5.121742675781250000e+03
5.604181640625000000e+03
5.381934570312500000e+03
5.180200683593750000e+03
6.740830078125000000e+03
6.218689941406250000e+03
5.373261230468750000e+03
5.244365234375000000e+03
4.589700195312500000e+03
5.327728027343750000e+03
5.954771484375000000e+03
6.651060546875000000e+03
6.896708496093750000e+03
5.455534179687500000e+03
4.795915039062500000e+03
5.454312988281250000e+03
5.450295410156250000e+03
6.743125488281250000e+03
6.869545410156250000e+03
4.850959960937500000e+03
5.137726562500000000e+03
5.019169433593750000e+03
4.944891601562500000e+03
8.080717285156250000e+03
7.187439941406250000e+03
4.701256835937500000e+03
7.642983886718750000e+03
8.876885742187500000e+03
6.424634765625000000e+03
6.239481933593750000e+03
6.979983886718750000e+03
6.838402832031250000e+03
5.697134765625000000e+03
5.669974121093750000e+03
5.446319335937500000e+03
5.115282714843750000e+03
5.102280273437500000e+03
5.114437500000000000e+03
5.463424804687500000e+03
6.241163085937500000e+03
6.949772460937500000e+03
6.105632324218750000e+03
5.189118164062500000e+03
5.329928710937500000e+03
6.536028320312500000e+03
7.958058105468750000e+03
6.167769042968750000e+03
4.063398193359375000e+03
4.813726074218750000e+03
7.469072265625000000e+03
8.471088867187500000e+03
5.285670898437500000e+03
4.974415527343750000e+03
1.028154687500000000e+04
7.806389648437500000e+03
7.974479003906250000e+03
1.101861816406250000e+04
5.837302734375000000e+03
9.460517578125000000e+03
8.219040039062500000e+03
6.465800781250000000e+03
7.666578125000000000e+03
8.204676757812500000e+03
6.540860351562500000e+03
5.869552734375000000e+03
6.545260253906250000e+03
7.334219238281250000e+03
6.583064941406250000e+03
5.547232910156250000e+03
5.854687011718750000e+03
7.529408203125000000e+03
6.813549316406250000e+03
5.453863769531250000e+03
6.172276367187500000e+03
7.731972656250000000e+03
6.820238281250000000e+03
5.724122070312500000e+03
6.286479492187500000e+03
7.959815429687500000e+03
7.229197265625000000e+03
6.376561523437500000e+03
6.537903808593750000e+03
7.765762695312500000e+03
7.141803222656250000e+03
6.375221679687500000e+03
5.967627929687500000e+03
7.199765136718750000e+03
7.226827636718750000e+03
6.101339355468750000e+03
5.751779296875000000e+03
6.424482910156250000e+03
6.865831542968750000e+03
6.074187988281250000e+03
5.213721679687500000e+03
4.892776367187500000e+03
6.131752441406250000e+03
6.748450195312500000e+03
5.562669433593750000e+03
4.304653808593750000e+03
4.573144042968750000e+03
4.926631347656250000e+03
4.606218261718750000e+03
5.593746093750000000e+03
8.041069824218750000e+03
6.598097167968750000e+03
4.778947265625000000e+03
7.201819824218750000e+03
1.030961035156250000e+04
7.457037597656250000e+03
8.025864257812500000e+03
6.778886718750000000e+03
6.097684082031250000e+03
5.615514160156250000e+03
5.028515136718750000e+03
4.847443359375000000e+03
4.270361328125000000e+03
4.851175781250000000e+03
5.332826171875000000e+03
5.868113769531250000e+03
6.227384277343750000e+03
6.211770507812500000e+03
5.899370117187500000e+03
5.382775878906250000e+03
5.773616699218750000e+03
7.286852539062500000e+03
6.382698242187500000e+03
4.332698730468750000e+03
3.853359619140625000e+03
5.400358886718750000e+03
8.364113281250000000e+03
6.187468261718750000e+03
4.032422607421875000e+03
5.459805664062500000e+03
1.048821875000000000e+04
6.302553710937500000e+03
6.904489257812500000e+03
1.063395507812500000e+04
5.641852050781250000e+03
9.278349609375000000e+03
9.351251953125000000e+03
5.947234863281250000e+03
9.295615234375000000e+03
6.759956542968750000e+03
5.118249023437500000e+03
5.001157714843750000e+03
7.788555664062500000e+03
7.811766113281250000e+03
6.051247558593750000e+03
7.700981933593750000e+03
7.179310546875000000e+03
6.042769042968750000e+03
4.944632324218750000e+03
6.038330078125000000e+03
7.127245117187500000e+03
5.713873535156250000e+03
4.871174804687500000e+03
5.770925781250000000e+03
6.456136718750000000e+03
5.713784667968750000e+03
4.723446777343750000e+03
4.522008300781250000e+03
4.933666503906250000e+03
4.786763183593750000e+03
4.957360351562500000e+03
5.034355957031250000e+03
4.993319335937500000e+03
6.414419433593750000e+03
6.084955566406250000e+03
4.519822265625000000e+03
3.947288818359375000e+03
4.058533935546875000e+03
3.995079345703125000e+03
4.556385742187500000e+03
7.563318359375000000e+03
7.878282714843750000e+03
4.999865234375000000e+03
6.850254882812500000e+03
8.750813476562500000e+03
7.303850097656250000e+03
6.400958496093750000e+03
7.439184082031250000e+03
7.734185058593750000e+03
7.033602539062500000e+03
6.373008789062500000e+03
6.116647460937500000e+03
6.374178710937500000e+03
5.642229003906250000e+03
5.281927246093750000e+03
4.919916992187500000e+03
4.824445312500000000e+03
4.889307128906250000e+03
4.354885742187500000e+03
5.174246093750000000e+03
6.665362792968750000e+03
5.541532226562500000e+03
4.357221679687500000e+03
4.230956054687500000e+03
4.514703613281250000e+03
5.697167480468750000e+03
7.837881347656250000e+03
5.896047851562500000e+03
4.309101074218750000e+03
6.862966796875000000e+03
9.132904296875000000e+03
6.671703125000000000e+03
6.608055175781250000e+03
6.425004882812500000e+03
7.234556152343750000e+03
6.158770019531250000e+03
4.948188476562500000e+03
5.026701171875000000e+03
5.831478515625000000e+03
5.427311035156250000e+03
4.479514648437500000e+03
4.294927246093750000e+03
4.817307617187500000e+03
4.263428222656250000e+03
4.477317382812500000e+03
6.259921875000000000e+03
6.006588378906250000e+03
4.594346191406250000e+03
4.297781738281250000e+03
4.491238769531250000e+03
6.049820312500000000e+03
7.033672851562500000e+03
5.076039550781250000e+03
3.909465576171875000e+03
5.531371093750000000e+03
8.253236328125000000e+03
6.340772949218750000e+03
5.466488769531250000e+03
8.923244140625000000e+03
6.619876953125000000e+03
6.084121093750000000e+03
7.201362304687500000e+03
6.008665527343750000e+03
5.474632324218750000e+03
4.815568359375000000e+03
4.550080566406250000e+03
4.578221191406250000e+03
4.498712890625000000e+03
4.541712890625000000e+03
4.430616699218750000e+03
5.165429199218750000e+03
6.294522949218750000e+03
5.465104003906250000e+03
4.333041015625000000e+03
4.260350097656250000e+03
5.541872558593750000e+03
7.393323730468750000e+03
5.914658203125000000e+03
3.820011962890625000e+03
4.255445800781250000e+03
8.721381835937500000e+03
7.046170898437500000e+03
5.743062988281250000e+03
9.058118164062500000e+03
5.429234375000000000e+03
5.194354492187500000e+03
9.502988281250000000e+03
5.860649902343750000e+03
7.777140625000000000e+03
8.339452148437500000e+03
5.128889160156250000e+03
6.655246582031250000e+03
7.468929199218750000e+03
5.685022460937500000e+03
4.823515625000000000e+03
5.991360839843750000e+03
7.186658691406250000e+03
5.848392089843750000e+03
5.049780761718750000e+03
6.150650390625000000e+03
6.766926269531250000e+03
5.454283203125000000e+03
4.814068847656250000e+03
5.276508300781250000e+03
5.821385742187500000e+03
5.765059570312500000e+03
4.919615234375000000e+03
3.843662597656250000e+03
4.044597412109375000e+03
4.253932128906250000e+03
4.066562011718750000e+03
5.171365234375000000e+03
6.170703125000000000e+03
5.384149902343750000e+03
4.150120605468750000e+03
3.814400878906250000e+03
4.961803222656250000e+03
7.195852539062500000e+03
5.726678710937500000e+03
3.745358642578125000e+03
5.660783691406250000e+03
9.178460937500000000e+03
6.334997070312500000e+03
6.721182617187500000e+03
7.067886230468750000e+03
6.415907226562500000e+03
5.436874511718750000e+03
5.181775390625000000e+03
6.510793945312500000e+03
6.660129394531250000e+03
5.461897949218750000e+03
4.759735839843750000e+03
5.333684570312500000e+03
5.387490234375000000e+03
4.678532226562500000e+03
4.304687500000000000e+03
4.194750976562500000e+03
4.124741699218750000e+03
3.875351806640625000e+03
4.025141357421875000e+03
4.904438476562500000e+03
6.850512695312500000e+03
5.358731933593750000e+03
3.596832275390625000e+03
4.320002441406250000e+03
6.692024414062500000e+03
6.356328613281250000e+03
4.248578613281250000e+03
4.391520507812500000e+03
7.136285156250000000e+03
7.131817382812500000e+03
5.390939453125000000e+03
6.347153320312500000e+03
6.216218261718750000e+03
5.669300781250000000e+03
4.890805175781250000e+03
4.150125976562500000e+03
4.259581054687500000e+03
5.140165039062500000e+03
5.663587890625000000e+03
4.866158203125000000e+03
4.200937011718750000e+03
4.231435058593750000e+03
5.119574707031250000e+03
6.103493164062500000e+03
5.130476562500000000e+03
3.651059326171875000e+03
3.415827148437500000e+03
3.531824462890625000e+03
5.080551757812500000e+03
7.798573242187500000e+03
5.433278320312500000e+03
3.906065429687500000e+03
9.047266601562500000e+03
6.574198730468750000e+03
5.883351074218750000e+03
8.950897460937500000e+03
5.224553222656250000e+03
7.855957519531250000e+03
8.025143554687500000e+03
5.306903320312500000e+03
7.894409179687500000e+03
5.984193847656250000e+03
5.519769531250000000e+03
7.204275390625000000e+03
5.709556152343750000e+03
4.916533691406250000e+03
4.935092773437500000e+03
5.295891113281250000e+03
5.490175781250000000e+03
4.927049804687500000e+03
4.154879394531250000e+03
3.865222412109375000e+03
4.372298828125000000e+03
5.146958496093750000e+03
5.904474121093750000e+03
5.027819824218750000e+03
3.862066162109375000e+03
3.218175292968750000e+03
3.159625732421875000e+03
3.325400634765625000e+03
3.967079345703125000e+03
7.575522949218750000e+03
6.992995605468750000e+03
4.480634277343750000e+03
7.017447265625000000e+03
8.203717773437500000e+03
5.754499023437500000e+03
5.806559570312500000e+03
7.519289550781250000e+03
6.798630371093750000e+03
5.845398437500000000e+03
6.102083007812500000e+03
6.029643066406250000e+03
6.220669921875000000e+03
4.889744628906250000e+03
4.358308105468750000e+03
5.101893554687500000e+03
4.580850097656250000e+03
3.996021728515625000e+03
4.071607421875000000e+03
3.963314453125000000e+03
3.691527832031250000e+03
4.477750000000000000e+03
5.954267089843750000e+03
5.634585937500000000e+03
4.023258056640625000e+03
3.139295166015625000e+03
3.606836425781250000e+03
3.808112060546875000e+03
4.934392578125000000e+03
7.952856933593750000e+03
5.692378906250000000e+03
5.049174804687500000e+03
9.014625000000000000e+03
6.264399414062500000e+03
7.571038085937500000e+03
8.022415527343750000e+03
5.043620605468750000e+03
7.897015136718750000e+03
6.563188476562500000e+03
5.922790527343750000e+03
7.632738281250000000e+03
5.645852539062500000e+03
5.990414550781250000e+03
6.340151367187500000e+03
5.123277832031250000e+03
4.799773437500000000e+03
4.853369140625000000e+03
4.966473144531250000e+03
4.882700195312500000e+03
4.394376464843750000e+03
3.899776123046875000e+03
3.954858886718750000e+03
4.255551269531250000e+03
4.726403808593750000e+03
5.639400390625000000e+03
5.180065429687500000e+03
3.701505859375000000e+03
3.108391113281250000e+03
3.674290527343750000e+03
5.333471679687500000e+03
7.610764160156250000e+03
4.699953613281250000e+03
4.699917480468750000e+03
1.035233789062500000e+04
5.263669921875000000e+03
1.024874023437500000e+04
4.122101562500000000e+03
4.870279785156250000e+03
1.072800976562500000e+04
5.373806152343750000e+03
1.102456835937500000e+04
3.967220947265625000e+03
9.746261718750000000e+03
5.078853515625000000e+03
5.126266601562500000e+03
9.286294921875000000e+03
4.455297851562500000e+03
8.478913085937500000e+03
6.399436035156250000e+03
4.794088378906250000e+03
7.257617187500000000e+03
5.197818359375000000e+03
4.583278320312500000e+03
4.386047851562500000e+03
5.068007812500000000e+03
5.922108398437500000e+03
4.781861816406250000e+03
4.089864990234375000e+03
5.853160156250000000e+03
6.225335937500000000e+03
5.000939941406250000e+03
4.780939941406250000e+03
5.332937988281250000e+03
5.683815429687500000e+03
4.872655761718750000e+03
4.091737060546875000e+03
4.589306152343750000e+03
5.699191406250000000e+03
5.052718750000000000e+03
4.081475341796875000e+03
4.411934082031250000e+03
5.305271484375000000e+03
4.896771972656250000e+03
3.964878906250000000e+03
3.858452392578125000e+03
4.618958007812500000e+03
5.195390625000000000e+03
4.515220214843750000e+03
3.584248291015625000e+03
3.203356445312500000e+03
3.361186767578125000e+03
3.047256347656250000e+03
3.019765136718750000e+03
3.110520019531250000e+03
4.416493652343750000e+03
7.691308105468750000e+03
4.825276367187500000e+03
4.345270996093750000e+03
9.027352539062500000e+03
4.700191894531250000e+03
6.618615234375000000e+03
8.923696289062500000e+03
4.794535644531250000e+03
9.707756835937500000e+03
4.258568847656250000e+03
8.976114257812500000e+03
5.875671386718750000e+03
5.316405273437500000e+03
8.357347656250000000e+03
4.715315917968750000e+03
7.042214843750000000e+03
6.576693847656250000e+03
4.751462890625000000e+03
5.786695800781250000e+03
5.496270996093750000e+03
4.811285644531250000e+03
4.197170898437500000e+03
4.125942871093750000e+03
4.726199707031250000e+03
4.621365234375000000e+03
3.963449218750000000e+03
3.662328125000000000e+03
3.225988281250000000e+03
3.163610595703125000e+03
3.171587646484375000e+03
2.733040283203125000e+03
2.922903808593750000e+03
3.036669189453125000e+03
4.977038085937500000e+03
8.182242675781250000e+03
4.568427734375000000e+03
6.716239257812500000e+03
6.668013671875000000e+03
4.856093261718750000e+03
4.302790527343750000e+03
8.098856933593750000e+03
5.829473632812500000e+03
7.197970214843750000e+03
6.958003906250000000e+03
4.849525878906250000e+03
7.160137695312500000e+03
5.216790039062500000e+03
4.658691406250000000e+03
5.808819335937500000e+03
5.439426757812500000e+03
4.806672851562500000e+03
4.489537109375000000e+03
4.166251953125000000e+03
4.399405273437500000e+03
4.241445800781250000e+03
3.815147949218750000e+03
3.713337402343750000e+03
3.506474365234375000e+03
3.896074707031250000e+03
4.524138183593750000e+03
4.560830078125000000e+03
4.211061523437500000e+03
3.875626953125000000e+03
3.853102783203125000e+03
4.812605468750000000e+03
4.895587890625000000e+03
4.011981445312500000e+03
3.733600097656250000e+03
3.436648681640625000e+03
3.673120849609375000e+03
4.511623046875000000e+03
4.693440917968750000e+03
4.692606445312500000e+03
3.990989990234375000e+03
3.372506103515625000e+03
3.969271972656250000e+03
4.397377929687500000e+03
4.353171386718750000e+03
4.908500976562500000e+03
4.195971679687500000e+03
3.487188476562500000e+03
3.650242187500000000e+03
3.751851562500000000e+03
4.076754638671875000e+03
5.015699218750000000e+03
5.513101074218750000e+03
4.069697509765625000e+03
3.314799072265625000e+03
3.958545410156250000e+03
3.548618408203125000e+03
3.485726074218750000e+03
3.693932617187500000e+03
3.871908691406250000e+03
4.735564453125000000e+03
4.962176757812500000e+03
4.193870605468750000e+03
3.655255371093750000e+03
3.539435302734375000e+03
4.280578125000000000e+03
5.444328613281250000e+03
4.539654296875000000e+03
3.375572753906250000e+03
3.574696044921875000e+03
3.807726562500000000e+03
4.071490722656250000e+03
5.154311523437500000e+03
4.373708984375000000e+03
3.497868408203125000e+03
3.325310791015625000e+03
3.101252685546875000e+03
3.262667968750000000e+03
3.917234375000000000e+03
5.882899414062500000e+03
5.206934082031250000e+03
3.359127441406250000e+03
4.347750488281250000e+03
6.689734375000000000e+03
4.844584960937500000e+03
4.102038574218750000e+03
6.159272949218750000e+03
5.731160156250000000e+03
4.572437011718750000e+03
4.624893554687500000e+03
4.583035156250000000e+03
4.928720214843750000e+03
4.393378417968750000e+03
3.564086914062500000e+03
3.598772460937500000e+03
3.592002197265625000e+03
3.235915527343750000e+03
3.361857421875000000e+03
3.229224853515625000e+03
4.201373046875000000e+03
4.995171875000000000e+03
4.616953125000000000e+03
3.717928710937500000e+03
3.180853759765625000e+03
3.700386962890625000e+03
4.726973144531250000e+03
5.222334472656250000e+03
4.407926269531250000e+03
3.280299804687500000e+03
3.143560302734375000e+03
3.076707275390625000e+03
2.891271728515625000e+03
2.741848876953125000e+03
3.050010253906250000e+03
3.559859130859375000e+03
7.501793945312500000e+03
5.217898925781250000e+03
4.081167480468750000e+03
8.583561523437500000e+03
5.179040039062500000e+03
7.776304199218750000e+03
7.275975585937500000e+03
4.670068847656250000e+03
8.100305664062500000e+03
4.838531250000000000e+03
7.291701660156250000e+03
7.131931152343750000e+03
5.630683593750000000e+03
7.455955566406250000e+03
4.931502441406250000e+03
6.379175292968750000e+03
6.014996093750000000e+03
4.891616699218750000e+03
4.982048828125000000e+03
4.648323730468750000e+03
4.467216308593750000e+03
4.155280761718750000e+03
3.689316650390625000e+03
3.721371826171875000e+03
3.477432861328125000e+03
3.282301757812500000e+03
3.369752197265625000e+03
3.444444335937500000e+03
4.724583984375000000e+03
5.400498535156250000e+03
4.057877441406250000e+03
3.174917968750000000e+03
2.940271728515625000e+03
3.698276611328125000e+03
5.273842285156250000e+03
5.074556152343750000e+03
3.655332519531250000e+03
2.890264648437500000e+03
3.494636474609375000e+03
7.078487304687500000e+03
4.925213867187500000e+03
4.475035644531250000e+03
8.422775390625000000e+03
4.196098632812500000e+03
6.683573730468750000e+03
6.992196777343750000e+03
4.165314941406250000e+03
6.458675292968750000e+03
5.309598632812500000e+03
4.071581542968750000e+03
3.172040039062500000e+03
4.690705566406250000e+03
6.735867675781250000e+03
4.552955566406250000e+03
4.626666992187500000e+03
6.654014648437500000e+03
5.155701171875000000e+03
4.836542480468750000e+03
6.026626464843750000e+03
5.578029296875000000e+03
4.980570800781250000e+03
4.743258300781250000e+03
4.547617187500000000e+03
4.532312500000000000e+03
4.062379882812500000e+03
3.833206787109375000e+03
3.639649658203125000e+03
3.499366943359375000e+03
3.254550292968750000e+03
3.002804931640625000e+03
3.036689453125000000e+03
2.834749267578125000e+03
2.642442138671875000e+03
3.046435791015625000e+03
4.453021972656250000e+03
6.509944824218750000e+03
4.400315429687500000e+03
3.538693603515625000e+03
7.360746582031250000e+03
5.497023925781250000e+03
6.205634765625000000e+03
7.761446777343750000e+03
4.903219238281250000e+03
7.751065429687500000e+03
5.023217773437500000e+03
6.757416503906250000e+03
6.299742675781250000e+03
5.072334960937500000e+03
5.642909667968750000e+03
4.731041992187500000e+03
4.513127929687500000e+03
4.267691406250000000e+03
3.947782470703125000e+03
3.983700927734375000e+03
3.803016601562500000e+03
3.606552490234375000e+03
3.517676513671875000e+03
3.304211181640625000e+03
3.622310302734375000e+03
4.486173828125000000e+03
5.025917480468750000e+03
3.959156005859375000e+03
3.018807128906250000e+03
2.920824462890625000e+03
3.536416015625000000e+03
5.045615722656250000e+03
5.163703613281250000e+03
3.451263671875000000e+03
3.186312500000000000e+03
5.223960449218750000e+03
5.968659179687500000e+03
3.967798339843750000e+03
4.189577148437500000e+03
5.812493164062500000e+03
5.138525878906250000e+03
3.995184082031250000e+03
4.911392578125000000e+03
5.539636718750000000e+03
4.768375488281250000e+03
3.988534912109375000e+03
4.295814453125000000e+03
5.374570800781250000e+03
4.867265136718750000e+03
4.090463378906250000e+03
3.978893798828125000e+03
4.976735351562500000e+03
4.923673339843750000e+03
3.978731201171875000e+03
3.889266845703125000e+03
4.393721191406250000e+03
4.266491210937500000e+03
3.897916748046875000e+03
3.468993652343750000e+03
3.251960937500000000e+03
3.302134521484375000e+03
3.154558593750000000e+03
2.950851318359375000e+03
2.981984375000000000e+03
3.322843017578125000e+03
4.585645996093750000e+03
5.067248046875000000e+03
3.806050781250000000e+03
2.896714843750000000e+03
2.947013427734375000e+03
3.644551513671875000e+03
4.977618652343750000e+03
